total_number_of_sims= 200
best_sim_number= 166


FLOW_OUT_46
observed    simulated
7.7164        6.6880      
7.8523        6.2350      
18.2237       16.1200     
33.0160       34.1200     
16.5947       37.1800     
15.5832       14.3600     
7.0293        4.0720      
2.7441        1.2300      
1.7544        0.5686      
3.4421        0.4680      
5.3792        10.7800     
13.8143       9.4400      
15.6302       14.5800     
9.8661        9.2020      
15.9008       16.7900     
41.0880       30.5400     
30.9604       29.4100     
15.0328       10.1700     
4.4768        2.9610      
0.5323        0.9495      
0.9880        0.4529      
3.4812        0.4582      
10.7644       9.1480      
9.8168        11.8600     
8.3621        10.0000     
11.1660       12.5900     
14.7062       13.4900     
31.1460       27.1400     
16.0618       21.2000     
8.8308        6.7380      
0.9248        2.2260      
0.3705        0.7736      
0.5908        0.3851      
1.5236        0.2408      
3.7668        0.8914      
4.6037        0.8047      
1.6716        4.3710      
9.4568        8.4670      
27.2520       25.9000     
39.4761       31.6600     
15.5940       14.1300     
1.3877        3.4440      
0.2934        1.0470      
0.1896        0.4662      
0.0023        0.2559      
0.2220        0.9575      
2.8266        3.9960      
4.6680        6.6160      
2.8427        5.1400      
13.4965       6.8020      
44.4120       17.6000     
54.3665       30.3900     
21.2040       9.3130      
3.0503        2.5920      
0.3213        1.0340      
0.2600        0.5280      
0.3600        0.2467      
4.3040        2.5530      
8.9071        3.2700      
6.2348        5.0840      
7.1871        10.6700     
23.0916       8.1340      
29.2080       22.3500     
33.0477       8.7460      
13.7240       3.1860      
0.7123        1.0350      
0.1548        0.5555      
0.1200        0.3173      
1.0800        0.1661      
7.8960        0.0864      
12.5652       0.1326      
14.0732       1.4520      
17.5903       5.1790      
18.4391       8.8040      
20.4440       16.0100     
19.3831       10.2900     
1.4140        3.3270      
0.0000        1.0130      
0.0000        0.3911      
0.0000        0.1625      
0.0277        0.1109      
1.0798        0.9698      
14.4168       1.6530      
10.2988       1.6220      
17.2223       1.9890      
16.1950       2.8190      
31.0280       16.6200     
21.4019       12.9500     
2.6649        3.7830      
0.0000        1.1010      
0.0000        0.4016      
0.0000        0.1626      
0.0000        0.3533      
0.0000        2.1320      
0.0000        2.2240      
1.0000        2.0340      
4.0000        1.8710      
2.9575        13.8100     
35.9644       23.0000     
25.5626       17.1300     
0.7088        5.3250      
0.0000        1.6160      
0.0000        0.6755      
0.0000        0.3142      
0.0000        0.1963      
0.0000        0.8379      
0.0000        4.9190      


FLOW_OUT_51
observed    simulated
9.3406        13.8500     
10.6086       9.2510      
24.9813       25.7900     
52.6250       52.8000     
47.8887       61.9000     
10.3560       29.0100     
6.1745        7.6940      
2.1200        1.3130      
3.9410        0.7872      
17.9160       7.3950      
16.8658       11.6700     
23.9003       16.6300     
15.9664       13.5900     
18.9800       22.5600     
49.4603       48.3700     
57.5103       54.1800     
26.2407       22.0400     
5.5032        5.6870      
5.4305        0.6711      
12.2504       7.2410      
11.0121       14.7600     
12.3221       12.3600     
15.6733       15.7700     
15.6403       19.9400     
45.6324       48.2400     
36.3619       42.6500     
7.0219        13.0200     
0.9600        3.8740      
0.9000        1.7700      
1.9000        0.9714      
2.9000        0.5594      
4.8658        0.5066      
6.2307        0.9831      
0.0570        1.1560      
0.7084        7.0630      
2.9470        13.3000     
27.8192       39.0200     
41.0155       53.2000     
8.4579        33.8900     
0.2362        8.0160      
0.0000        2.5770      
0.0000        1.2600      
0.0000        0.7033      
0.0187        0.4832      
10.8346       2.4530      
18.7754       7.3920      
25.6605       6.1940      
10.2755       9.4930      
86.5400       24.9500     
67.8639       45.9300     
31.7693       23.6400     
10.4787       5.0860      
5.2258        2.0810      
2.0467        1.1800      
8.1355        0.6816      
6.4013        1.0950      
20.5600       3.4620      
18.3477       5.5230      
10.7000       14.8500     
27.2981       13.9000     
36.7773       32.4900     
60.2497       20.3600     
19.2540       5.8710      
7.0000        2.2210      
4.0000        1.1430      
0.0000        0.6683      
0.0000        0.4156      
1.5353        0.2525      
2.9039        0.1624      
26.5339       13.4600     
15.0000       5.2270      
10.0000       2.0730      
4.0000        1.0090      
0.0000        0.4674      
0.0384        0.2249      
2.4700        0.1933      
11.4729       1.0640      
10.8345       1.5620      
13.4587       1.7840      
19.6978       2.3430      
24.6507       15.2700     
30.2355       16.6800     
3.1967        6.3660      
0.0000        2.2830      
0.0000        1.0730      
0.0000        0.4897      
0.0000        0.2361      
0.0000        0.8838      
0.0000        2.4140      
0.0000        2.3860      
0.0000        2.0280      
0.0000        14.4500     
35.0247       31.0800     
29.7717       30.0200     
18.6366       10.9200     
10.0000       3.2320      
3.0000        1.4740      
2.0000        0.8106      
0.0000        0.4393      
0.0000        0.3032      
0.0000        3.2090      

