1      42  142   49  111   33  112  177  134  154   88  101  153  125  136   52  105   49   46  150  137  126   28   46  175  191   89   81   58  172  119  128   31  196  120  149   44  115  117  163   89   20  165
2      68  116   52  190   42   92  140   45   28   78  195  118  120  116  117   34   21  130  141   15   90  171  121  165  169  137  175  189   57   29  191  141   78    2  141  146  154   26    4   55   49  139
3     135   80  171   29   84   75   23   57   92   10   26   24   43   99  115  123  101    4   24  149  129  109   43   24  189  126   59  182   91    4  100   40   35  197   96  112  152  171   13    3  158  159
4     101  111   37   10   89  164  103   87   53  164    3   58   91   20   49   25   40   52  108  152   70   83   54   57   85   10    4  187   96  109   97  143   64  149  195  136   21  160  200   92   40   80
5     170   99   59  187   16  126   25   26   10   74    9  173  185  114   37  117   41  109   16  147   60  118  116  151   25  198  167   18   70   42   63  102  160   63   70  122  141  108   50   41   53   13
6     125   74  168  145  177    8  197  165  127   32  135   75  144  175   44   54  136  160   52   53   47  165  143   17   66  139   36   72   81  141   24   65    7   18  110    2   42  198  105   23  137   85
7      79  189   57   41  117  171   50    1   70  173  134  159  131   97   18   91  143  128   67   77  180  111  180   23   16   84  192  166  149   63   85   42  101    1   13  174   24   71  153  200  187  116
8     159  178    6  183   99  122   24  133  135  187  154   84  134  165   63  147   10  186   58  113   23   37   38   81   91  146    2  144  199   59   73  120  164  173  186  116  180   12   47   95   52   29
9     163  133  132  170   40  128  113   23   64   92  143  105  190   24    5  175  126  197  122  184  137   94   20   14   69  149  117  170  129  154   77  170  166   61   92  118  144  107   53   25  119   54
10      65  157  163  121    6   59  124  146  131  159  160   61  111    8   66    5  144  193  159   34  140   10   81   73  159   66   64  181  142   10   69   93   15  145   39  126   65  100   96   98  176  184
11     106   90   20  194  198  137  115   54  122  193  196   17   38   75  101   21   96   11   75  108  115  192  101   49   27  185   65   68   52   95   48  144   17    4  114  134    6  166   40   96  113   60
12     146  114  176   93  147   76  172  110   68   63  127  189   13  191  116  109   58   13  120   63  163  160  133  168  195   18  141  186  159   25   34   16  178  196   62   18  181  159  162   97  105  107
13      82    9  157  163  170   22    9   96   50  184   81  178   46  200  124  142   57   85  166   72   52   13  200   16   65   62  135   75  171   39   28   81   47  166   21   72   71  178  147  161  172   88
14      28  191   96   15   76  177   21  148   18   16   83   88  109  119    9   20   35    8  139   78  121   31   86  119    4   80   77  168  134   45   42   82  137  181  185  131  164   53  106   53   14  142
15     162  124   45  128  118  200  182  109   66   49   58  137  147  141  176   84   64  190   84   74  195   90  194   36  139  180    5  113   16   56  104  128  161   30  151  187  134   50   22  101    6  198
16      92  164  192    8  188  120  157  120   12  136  131  131   61  104   87  177   92   64   12   19    9  156   41  120  134  190  128   66   88  162  181   24  112  117   80   21  101  147  148   38  188   25
17     196   29    4  195   21   42   99   35  126  198  199   55    6   46  128  186   80  180   76   38   92  175  185   56  179   34   33  130   97   38   52   95  138  141  156  190   30  154  111  193  147   94
18     143  185  189  106   31   12  150  137  109   26  138  136  142   58  140   66  108   20   61   43  127   47  146   84  131   91   62   17  108  186  163   41   52   68  176  137   94  199  198  136   88  158
19      37  179  116  114   43  113  146  124  163  108   92  135  114   17  166  154   69   21   17  126   33  108  172   31  152  166  155  180   86  158   26  194   95  100  146  152  110  135  166  128   36   99
20     192    1   51   12  136   10   98  183   51  185  166  179   76  158   53  116   66   89  111   55   15   36   45  140   42   46   18  102  179   99  185  122   28   82   94  123  195  149   95  180  138  100
21       5   72  120   94  190   36   67   91  125   45   44  187  146   38  108   44   17   37   78   50  106  112  165   12  192   69  186   39  189  132   60  126  194  111   43  100   75  153   11   49    9   42
22     103   86   73   65  174   64   44  176   16   23   98  119  163  166  142   85   94  143   21  194  197  199  115  173  147  167   61  185   66   15   14  186  187   17    1  158   51   29   70   83   76  162
23     154  175  184    4   81   31   49  147  200  195  129  182   96  174  152  158   74   54  177  118   26  128  161  185  121   41  132  122  156  151  187   27  170   21  139  196   22   72  167   71   51   15
24      93  134  134  196   74  115  193   40   71    5  158   13   81  198  179   16  180  154  191  199  183  189   17  110  109  140  137  119   25  200   37   23   82  185  173  160  105   23    6  156  174  161
25     183   68   43  182  178  184  132   49   56  160  161  151  106   49   16   48   32    6    1    4   82   16  140    6  119  122   12  163  163  191   49   70  185    9  179  178   97  112  195    2   63  104
26      22  154  170  147  187   33    5  166  112  130   17   57   37  125   12  182  119  142  129   27    8   61   87   83    3  157   94  110  200   40  169  139  156  138  131  186   85  133  180  173  114  185
27     117   96  101  110  182  189   96  163   22  194  170  140  180  161   81   72  187   35   82  130  133   91   83  139  190  134   86   62   26  189  198   46   19  182   73   22  127  169   29   22    5  197
28     119  169  155   49  186  140   95  169   81  148  162   67   25  127   35  137  179  140  158  190  177  159   68  177   14  136   67   28   56   47   88  148  124   16  132  138  128   89  130   63   71    7
29      96   26   79  169  123  106   51   70   38  162   70  154   21   41   25  120  114   28   36  166  167   53  127  106  200   29  100   12   79   79  159  127   62  150   56   63  119    7  109  165  109  173
30      48   77  186   25  146   71  152  114  170  129   65  106   87  120   40  167   51  194    6   44   89  198   56   97  130  179  105  161  152  165  129    5   91   60  116  167  114  189  197  127  152   92
31     127   30   58  112  180  141  199   88    8   17    1  186  154   29  104   62   26  181  174   20  200  148  141   51   30  102  193  169   18   23   45   51  184   50   67   46  136  197  181  110   35    5
32     172   51   94  155   86   69   46  141  136   67   68   68  168  142   14  200   27  191  186   13  139  162   39  112  182   73   98  145  162   97  103   50  118   32   15  179   47   13  117   99   82  111
33     139  199   91   36  114  192   76  167   67   93  107  116  133   72    2   37  102  153   30   61  156  187  158   59   77  100  106    2   13  197  145  185  150  140  192  169   78  172   98  196   22    6
34      70  110  104   34   97  129  185   34   93   59  193   99  157  149    7  184  105  118  163  170   49  131  130   47  104  195   88  105   82  126   72  160    6  106  197  192  194  180   33  177   92   59
35     113   94  151   63   49  186   34  122   83  199  103   85  173  151   62  195  184  189  112   62  112  194    3  101  105   52   26  132  137   54   61  142   87  158   52   40   10   11   63   10    3   41
36     100   87   34  178  153  138  101   37  107  132  186  117   34  140  105  199  186   16   48   96   36   18  160  117   41   25   63  191  174  150  194  123  169  114  129   43   69   43   10  157  193    9
37      36   81  123   18  122  121  200   78  195  180  117  127   95   30   67   63  130   51  146  188    4  140  177  134   72  128  130   71   64  182   84  104   88  176  137  184  137   87   93  163  126   23
38      95  117   72  141   61  125  168  196   45  189   51   65  104   10   61   73   39  116   71   69  187   93    4   45  165   53  178  188   92   98  101   72   69  179  161   91   66  145   18   13  153  113
39     104   50   12  143  183  198   10  107   60  147  168  108   57   50  121   32  194  187   27  158   55  113   42   18   47   71    8  126   22   60  157   83  146   64  198   76  192   78   92  190   58   77
40      12  129  191  101   37  155  142   64   34   90    5   52  150  147   98   80   68  150   46   11   41   42   18  102  155  150  142  165  115   12   91  177  158    5   18  197   72    3   78  130  160  105
41     123   65  139    1  120  104   32   50  157  181   96   11   32    1   42   96   48  192   22   88  162  107  138   71   50  152  197  111    7  167  167  124   14  159   37  194   53  104   79  185  177  103
42     134   22   42  159  193   95  100   21   94   82   21   39   35  130   88   98   12  125  121  132   75   11  104  193  128  123   16  195  124   22   70  159  189  102  184   90   84  190  122   30  181  138
43      74    6   48   77   66  163  175  156   23  101  178  196  161   59  112    1  198   33  149  157    1   79   21  128   36   49   92   16   50   31  162   87   21  174   16   30    7    4   80   60  162   20
44     142   27  153  136   79   66  188   58    6   81  191  152  170  103   60   74  150  134  102   91  141   23  137  184  176  156   54   27  194    6   41   91   83   26  109   87   11  156  138   81  134  130
45     112   17   80   31  199  101  160   22   88  142   72   21  129    9  184   51   38  175  178   54   84   85   66   91   99  135   28  158   94  114   57  156  108   51  103   35  102   54   32  113   29  177
46      54  127  103   32   12  103   63   62  158   62  177  185  194    7  186   15  169  159  140  160  159   78  147  142  110   16   91   92  105   96  116  192  144  157   72   83   33   41   84  108  130  156
47      69   67   84   96  148   30  130  102   99   42    6   66   64  194  103   45   62   81   20  161  138   75  125  122   22   77   72   60  188   21  108  187   58  129    4   67  166   45  151   86   34   49
48     148   88    3  138    3  195   60   61   29  174  113   93  136   73   90   18   34  199  137   95  148  163   84  191   15   36   85   40   33   50  173  174   41  198   58   15   80  173   43  159   19  195
49      45   82  169   24   46   27  125  117   47  109  175  200  123   35  149  152  151   58   11   40   79  142   97  103  185    3   90  121  182   72  136    9   61   38   55  200   56   74  133  186  175   83
50      63  165   23  123  103  149  167  164  121  151  104  147   92  167    3  155   76  127  126   35  145   19  159  126  146   13  163    4  176  164   23   90  159   12  182  195   37   32   24  100  111  196
51     158  141  136   30  165   80  169  139   98   68   62   48  174  154  165   41   19  131  110  196   87  101   65  178  186  115  188   43   46    1   93   47  131  153   23    8   92    6  114  117   47   51
52      38   63    9   81  140  152  128  179  130   51   78   79   24   54   17   94   79   88   47   25  120  122  195   62   71  193   47  117   87   88  139   13  140  128   86   29   34  175   97  135  144   84
53      60  122  162   54  173    4  143  198  175  105   11  160  108   52   22    8  165  108   94  144  154  135   28   93   48   39   56  172   30  168  166   29  135   28  134   86   88  115   69   31   70   10
54     124   16  143  122   58   43   18  135   90  137   85  141   67   76  196  190   87   48  184   18   81   54   93   39  122  159   89   64  147   75  165   56  105  169   61   47   62  176  112  187   39  186
55     130  103  195  186  171   81   12  189   65   55  181  126  181  188  153  143    1  112   89  146   76  133  199  198  118   90  164  138  130   46  155  147  117   42  101   17    3  155   99   18  155  190
56     179  125  100  129  121   17   89  100   80   86   25   29   63  102   77  194  115   98  195  197   88  158   73   66   83  196  183  103   95   69  115  169  141  101   59   68   64   42    3   61   66   14
57     191  146  179   44   55   91   85   71   73  122    8    8  128  195   21  146  132  152    4    6   11  132  190  152   95  154   68  164   53    7  140   77  175  104   44  109  187  123  144  122  194  166
58      43  163  158  156  160   99   69  200    9   29   20  104   60   84  137   60   53  146  100  139  105  179   95   46   84    6  195  101  104  133  105  134  106   36  140  104  189   85   46    8  189  169
59      89   24  142   72  192  131   26  116   19   56   14  155   20  110   96  164   11  137  176   97   31  110   91  113  135  197  190  184    2  192  143   33   20   86  188   50   26  195   36  154  167  194
60     107  132   70   71  161  154   45   66  184   20   75  168  110    2   75  148    6  196   28   67   53   55  145  116  112  108   32   76   47  171  158  114   89  190  167  121   29  141  184   17  191  199
61      41    7  146   53  111   63  122   33  178  149   56   59   77  156  123    2  175  151  183  105  111  166  179  153   78   32  170  151  187  117   56  200   12   69    9   84  162   31  108   24  178  141
62      49   69  181  176   68   45  161   75   21   57  133   70   59   62   13  163  158   27  105   49  104  139   19  171  142  133   60  159   98   61  107  189   10   93  142  132  199   75  185   91   21   16
63      47  119  114  135   34   50  112   79   79  179   93  123  126   79  193  140  174  145  161   99  114   33   90    4  124   43   30   20  121  163   31  149  168  142   12   42   38  114  121   33   97   44
64       6    3  165   35  137   86  123  138   55   98  157   22  143   26  118  124  117   62   62  181  132  178  192   61  151  163  174  137  185  122   96  113   63  178  181   19   90  188   23  143  141   61
65      91  108  111  140  100   56   31  194   48  139  115   90  145  139   82   46  127   72  103  104  168  138  114  180   37   23  185  123  106   57   76  191  133    3    5  129   48   22   77  112  156   47
66     171   13   62  166  176  173   52  159    4  177   57   74   69  143   70   42  190   65    8  177   80  129   49   70   88  117  156  120  158   49   55  157   53   19   51  144   20  110  102  170   73   89
67     151  137   74  197  191   90  121  158   25   75   76  175   53    5  132   52  152  104  167  122   17   80  148   77   39   22   75   19  117   77  161   28  186   91  126   23   74  161  104   20  107  137
68       7   31  105  113   57  153   81   72   27  126    7   47  188  135  139  162  135   41    2    2  153   87  128    2  180   93  139  139    9  177  142  101   11  108  172   66   13  165   52   74  121  106
69     102  115   63  132   73  130    6   59  192   66  173    6  115   16  197   89   22  200  133   90    2  190   94  188  188   56   58  157  192   67   12  153   44   89  133   79  120  139  191   42   84   46
70     194   10  130  188  104   41  183   83  155   30  136  125  162   96   79   97  170   73   57  174   71  104   51  137  129  155   79   26  191  111   89   30   24  183   35  173  108   83  196   85   90   52
71     149   85   75  158   87   61   15   18   31  190  155   69   93   36   89  145  122   36  107  100  103   14   78   76  115   82  168   90   89  196   35   53  152  144  113   38  100   80  172   88  186  133
72      30   91  150  157  168   47   13  113  176   99   53  115   16   43   99  125  153  169  175  124  164  146   48  181   44   72   83  152   90   89  123   20  165  184  118   65  200    1  145  126   16  163
73      24  197  131  171  116   28  139    5   26   84  112   14  200  176  169  141   29   76  104  128   14   48  142  182  167   14   19  198  183   94   30   12   92   95   97   14   25   64   51  139   72   75
74      85  153   50   51  143   23  165    3  172  150   60  101   42  128   30  126   90   18   97    3   95   35   29   35  157   45  112  150  195  188   40  163   66  151   57   41   12  138   75  140  104  182
75     155   55  119  102   96   74   27   44  138   22   82  145  148  118  107  149  164   63  194   21   57   70   36   30  144    7   37  190  126   48  120    8  180  199  111  154  149   68  131   69    7   48
76     157  109   66  100  167  134   87   25  141   40  159  148   84  164  129  111  167   66   63  117  143   27   34    1  156  171  169  140   58   14   36  193   34   97   65   81  170  185  169   48   98  160
77     167   49  164  133   38  157  136   74   89   38   50  100   50   15  111   50   85  114  192   66  186  100   40   98  101  173  107   53  144   80   83  117   60  187   85  142   49  162   48  183    2   58
78     177   92  174   45   27   52  134  161  164  135   16  143   31  172    6  193   88   71   23   94  151   44  108   82   92   50   45   33  112  103    3   19  197   58   27   51  150   91   73  179   80  171
79     132  113   71   76  109  135   77    9  168  188  146   97  105  183    1  173   45  117  154   76   94   81   11   74  137  114   57  106   11  180   17   64  195  147   78   27   39    2  165   37  124  118
80     109   40  148    5  141  132   93   17   37   43  198   42   98   63  120   67  156   22   88  151   51   20   77    5  158   47  125  129   76   68   19   26  154   90  145  185  138  170  142   73   56  187
81     145  159  112   27   15  123    8   24   62  117  185  110   94  144   29   71  193  103  181  165  174  174  150  179  198  170  146   46   60  156  133  152   29  192  194  153   31  125   45   56   61  192
82      40  123  199   67  155    3   88  187  120  123  163  114   71   12   55  191  154   30  189   17  155   22   55  132   55   37  145  156   19  194  124  180  102  191  169   80  142  134    7  175   23  164
83      27  105   99  139   13  181   28  171  114   72  183   53  153   13  198  113   50  158  190  178   83   63   31  135    2   60   48   77   49   34  132  168   54   77   75   39   45   90  157   62   11   39
84     138  196   54    2  139   70   38   43   86   94  144   94  197   87  192   76  142  144  114  148  171   86    8  129  184    1   22    6    6  125  149   71   33  162  105  130  143  151  168   27   28   50
85      83   53   44   42  107   11  111   69  151   91  151  176   58  129  180   31  134   56   18  120  182   95   80  138   13   44  144   97   17  155  175  133    2   74   64   57   77   35  179   52   50  183
86      34   70   89  181  126  161  184   77  105   18   73  157  171  197   80   83   30  123  172  129   50   49   71   55   93  141  131   44   28  161  190   66   27   80  191  110   15  177  123   12  123   12
87     116   39   35  119   50  100    4   63   41  192   48   27  100   91  138   33   46  166  136   42  194  170   85   41  148  131   38   70  101  157   54  172   46   73  108   54  107   76   94   26   18   91
88      59   60   41   60   80  194  138  182  173   19  169   87  178  132  164  156  128  173   31  115  196   82    7   15   96  192  147    9    8  147   99   57  116  134  143  198   68   37   49  104   64  121
89     105   34   93  164   39   85   84  154   46   21   63   78   74   28  109   55   82  178  179   79  122  154  154  187   75   55  129   37  150  120   50  175   23  121   63    9   79  137   87  120   13  175
90     131   23   78  130   22  127   36  105   97  104  105   95   82  113  167    9  137   99   98  180  193   60  175   38    6  118   71  192    4   92  131   44   86   87   29   26  184   61   30  168   27  179
91     178  147   17   89  166  199   22   39  147  176  123   54  182  131   94   56    3  138  115  185  101  149  131   58   98   24  113  175  103  144  183  107  188   99  135  125    8   40   67   46  132   67
92     187  193   77   55  163  124   78  123  197   33   23   32   23   69   71   27   75  155  123   29  118   50   98  150  100  119  153   89  190  178   51  183   80  193  165    3   18  118   14   29   93  101
93      73   38   21   14   82    2   79  112   85  114   32   71   45  100  147    6  191   57  152  183    5  168   16   33  164  176   80   54  132  100   80   86  151    7   88   61  178    9  176  144  145  125
94      71  126   16  180   54  188   35  188   39    2  116   23  196  101   69   57   59   47  193   87  165  130   52   85  160   86   42  107  131  173  177  137  172  119   95  177    1   93   44  169  146   79
95     174   48  149   80   30   89   30   38  180  119  182   56   41   42   56  112  149   24   80   81   66    7  169  125   59  138    7   55  113   82  186   58  122  172  102    6   36   33   58  162   87   31
96      98   59  180   38   67   53   54   41  183   69  125  120  198   55   15   59    7   97   13    7  198  136  129   34  187  188   21   82   99   81   68    2  123   41   53  176  129  101   39  164  115  124
97     156    8   36    3   90  176  131   65   43  124  180   20   39  171  178   70   54  184  113  135  149  134   88  146   46  165  120   30  123   30   27   38  111   14  152    5  139   58  118   36  166   66
98     168   93   87  116   64  151   33   95  137  153  194   30  140  153  127   75    8  157   39  112   77   72   10  121  172   48   69   21  168  107  151  108  179   44   87   82    4   96  119   65   38   30
99      56   79  118  124  172   79   71  132   95  116  148   35   30   27   97  114  120  177  155  179   19   32  117   22   90  194  116  134   84    5  154   35  113   48  130   89  146   51  143  150  184   33
100     175  200   68   73  142   94   17  157  144  144  172  171  138   37   20  104  118  105   96  200   85    2   99  183  149  151  199  143   37  153  147   48   94   46   49  147  151   65  110  119   30   96
101      32   83  190  154   60    7   64  185  133  111  187  124   75  122  189   40   73   96  198   89  166  167  163  159  166   78   15   94   24   26    5   88  120  154   93  143  163   14   26  114  196   69
102      53  176  133  149   32  166   19  190  191  145   80  174   54   44   27  129   78   31  169  167   99   68  183   87  113  103   27   67  193  134   86   78  193  160   32   95  157  200  154   44   81   81
103      31  168   82  198  115  165   16   12   36   11   10  183   70   70  135   11  148   75   95   71  147  106  174  154  111  112   23  171   21  142  134   32  110   39   34  163  122   92   71   11   85  136
104     108  198   29  109  189  114  110    8   82   41   91  149   72  190   32   36    2  119  185  163  190   77  100  190   64   63  127   24   41   65  180    4    8   94   54   52   96  119  159  107  149  143
105       8   19   32   66  169  190   86   28  117  138   94  165   49  184   54   14    4  122  124   10    6   57  197  157  107   19   82   63  148  195  182   63  162  115    8  182  125   39  137   21   74   45
106      58   98   31   11  200  111  149  144  174   13  165  191   40   86   86   99  200   83    9  171  107  141  105  143   34   27  160  197  133  187   16  150  181   70   31  155  177  146  113  106   75   93
107      88   52  173   57   56   65  179   36  179   35  109   80  179  137   31    4  189  162  164  119   62  102   64   95  138  169   55  179  153   18  141  195   70  124  144   56   67   17    2   77  185  146
108     184  121   65    6   51  117  102   32   24   36   64  169   22   66   19  100  123   53   79  133   43   26  118  118   89    8  138   15  138   11   46   67  132   11  122  162   55   59  160  195  135    2
109     110  161    8   85   45   55  106    7   33   54   47    9    7   77   51   78   71   45   92  175  157   62   47  200    7  125  184   45   12  174  135  106  171   49   40   58   44   60  190  121  110  151
110      10  148   11   79    7  187    2    2  132   24  139    1   17  179   10    3  103   38   40  187  152   15  196   11   53   31   34  108   85    9  138    3   36   96   74   98  118  106  189    4  159   24
111     189   56  178  146   28   26  173  160  187   79   29  197  187   25   24  133   93  135  142   47   61   45   63   68   61   28  200   88  128   85   33  171   55   98  166   96  130   88   27  123  197   82
112      23   76   60   86  124   19  126  177  162   34  106   44   78  152   34  183  162  163  101   64   69    3  144   96  171  184  148   52  119  101  196  154   18  116  174  127  186   30    8  134  190   35
113     147  162   38   82  128   60    3  126  198  163   35   36  169   22  126  127    9  168   49   37  102   59  152   90  161  175   49   59   15   16    9  184  125   56  154   32   14    5    5  160  183  167
114      14  155  194   33   62   83  147  108  134  191   99   40  113  155  144  115  100   86  147   23  158   52  186   65  177   68   35   11  146  149    2  132   37  163   50   53  123  183   28  174   26  200
115     169  170  183  107  135  142  153   84   74  125  128  121   80   94  134  138  155   77   72  154   91  120  171  130   29  107  115    1    3  172   15   14   73   85  177  128   59  152   68   19  129  152
116      11   64  108   61   18  175  198   16   35  182  188   12    2  134  102   49  177   12  200  189  175  114   24   13  117  106  173  141  196   58  179  125  200  130   71   92  179   18   31   50  154   28
117     160   35  198  144  154  167  190  178    5   87   88   45  166  173  199  160  171  171  153   14  160  197  119  109  199  145  123  162   45    2  110  151    1   10  155   59  109  116  178   72   12  145
118      25  171  152  172  127   51  174  181  153  197  156   26  124  163   26   95   47   19   35   31  179   74  189   10  168   70   93   34   38   52   18  155  143  135  163  141   43   95  100    7   24  154
119      84  106   24  131  196   87   58  184  108  156  184  190  118  146  187  102  157   49   51   56   16   56  149  195   45  178  162  115   65   33  168   61  136  127  164   85  159   19  186   67  117   71
120       3  158  167  162   14  102  120    4  143  155  145  156  165   68  100  165   55   55  116  142   18   97   53   25   51    4  187   87  140   27   59  111   97   20    3   20  113  193   16  105   69   40
121      21  150   46   59  106  150   74  149  146  171  149  103  103  126  148  170  161   92   26   30   74  193   69  155   79   98   14  183  155  121  117   85   26   45   25  149   52  168  132  141   60  168
122     197  131  187  127   24  168  116   42  171   64  164   43  186   80  125  136  107  129   83  172   46   98  109  100   12   74   52   48    1  179  195   97  142  105   60   75  173   34  192   90  161   22
123     200  151  166  192   53   82   11  140  188   61   19  199   79   71   92   38   84  133  199  191   73    5   50   99    8   38   10   57   71  128   11  178  182  113  189  117   76  194  128   45   83  150
124      19  138    2  189  194   44   40  104   15   95   40  161   85   78  174   58   98  174   73   26  181  173  110  197   81  200    1   73   75   36  171  140   72   57  180  119   50  186  134  198  199   97
125     128  194   10   28  108  109  119   31   87  110   55   63   36   65  195   10   20   91  134  156   39   21  111   79   19  104   78  160  100   78  197   36  100  195  160   12  183   66  161   57   25   70
126     129   37   98  120   72  185   62  115  106   65  114   33   90  169  191   64  111  195  197  107  173   67  168   92   80  101  134   10   54   17   81  119  134  143  117   28   87  182   17  192   62  132
127      94  192   22   95   88  107  194  199  140  113  102   34  192   82  159  161   99    5   19   48  191  180   12   19  114  158  136   51   35   71  176   18   56  171   20    4   57   84  152  102  163  127
128     111  136  182   68  197  172   83  118  166    7   43  198    3   74   72   30   52  141   10   98   21   24  107    3  127   15   41  153   61  124   22  131   79   76   77   60  103   36   81  145    4  135
129      18    5  188   87   93  119  158  191  103  120   33   16  175  117   43  128  145   34  157  123   54  137   92   21   60   17  191  176   48   53   66   45  103  152  158  150  106  132   25   70   48   37
130     115  174   88  160  158  197  181  175   58  127   31  138   29   61  114   86  139   79   90   60  178   65  136  148   32  162  149  136  116  113  121  166   85  161  187  103  161   38   91  124   44   90
131      17  195  200  179   10   14  155   93  189   27  124   18  137   67  190  196   86  156   91  103    3  200  188   28  132   81    6   93   43   91   62   37  167  112   19  165  117   82  120   66  120  174
132     136  173  141   78   20  116   59  127  145   15  118   96  191  106  106   23   56   15   86   16    7   34  122  145   57   65  172  178  151  130   75   22   68  165  193  188  148  191  156  184  182  149
133      52   41  161   43   36    5   20  168   40  152   46   49    1   45   28  185  182  136  196   58   40  121   35   43   21   88  150  148   14   76  112    7   90  180  107  157  158  109  107   78  143   56
134       1   20   15   26   29  105  133    6  102  186  108   72   66   90    8  118  192   61   93   80   22    1   14   26  150   75  101  118  118    3  144  164   77   84   76    1    5  105   60  182  165   53
135      50  144  197   17  102   38  117  121   42   85   27   19   83   93  175  144   31  100  162  125   59  127  155   88   35  105  161   14   10   84  164   10  191  132  178   36   98  130  146  152   91   11
136     120   12  147   16   69   54  163   46  129  102  189   91  112   33   65  198   23  148  130    8   35  125   32  144  126  161  118  155   74   19   21  118  109   47   89   71  191  164   38  171  136  176
137     199  166  156    7   70  145   91   67  101  103   90  130  156   83  151   53  104   74  170   41  170  115  193  124  153  111   24   99  184  176   39   21   67   54  168   73  131  163  127  109   42   72
138       9  186  172   99  132   58  170  106   11  165  179   73  149  193   68  150  159  182   56  121   12  182  120  114  143   96  198  124  169  137   10  110  190  186   98   25  140  124  193    1  198   87
139     190  167  159  126  179   98   14   27  119  112  174  188   28   18   85   12  195  106  182  162  188   66  184   37  140  144   53  116   32  116  111  158    5  189  104  133  198   52  135  155  169  126
140      86   75   56   19   75  144   57   47  104   52   30   86  195  112   23   77   63   90   33   52  189   96  182   52   70   20   20   31  111  140   65   98  128  109  196   62  171  121   55  103   68   78
141     144  101  127   58   44   77  186   11   61  196   97   28  121   88   78  107   24   67   34  136  113  191   82   48   38   51  133   96  110  143   87   54   65   33   42   13   40  143   34   76   46   63
142     188  190  160   47   25   49    7   14   91  172    4  180  107  133  170  151   77   25  117  192  184   64   79  163  123   87   73  125  141  175  146  115   40    6  162   69  116  142  103  147   67   95
143     181   32  193   56  112  133   72   76   14   89   95  144  167  157    4   24   91   32  127  106   78   73   89  176   62  109  121   42   42  198  188  112   98  167   26   64  135  127   82  172  192  148
144      39  180  138   48  175   15   65  173  111   76   28    7   11   47   33  166    5   68   70  101   48  145    1  136  181   76  110  199   59   62  130    1  198   23  171   77  196  126  164   75   33   21
145     180  183   95  191  184   13   48   30   69    8  132    3  160  111  131   17   43   60  128   39  169  143   30  189  196   54  103   74  165  185   92   73   42  136   14   78  174  128   54  129  200    8
146      16   61   69   74   59   35  108  130   44  107   86   76   27   60  181   22  173  111    5  127   32  144   76  164   67  110   84   84  177  112   82  105  114   55  183  115  185   10  182  138   41   62
147      35   73   28   97  101  170  187  195  115  183   52  162   10  182   91   81   67  113   14   68   63  184   27  186  102   35   99   49  145  146   79   68   84   29  123  135   86   73   41  181  168    3
148      87  160   76  108    9  136  189   53  116   96  200  195   55   57   76   19   60  185  119   86  142   25  166  123   76   79   66  193  170  105   29   94  104  170  115   48   23   77   59  142  106  193
149      76  120  124   22   19   18   94  142  149  128   87   89   62  189   83   90  125  161   42   93  109   46  134  141   56  164   96  128   20   43  184  181   76   81   11  107   61   21  175  178  102  191
150      77  188   67  118  162  146   90   56   63  141   15  122   86  187  136  187   28   43  138   84   27   84  191  170   28   94  176   98   83   93  119   76  174   13   24  114  172   62   76   93  170  172
151       4   84  154   40  133   34   97  192  110   31   12  192  152  148  183   28  110   80   25    5   98  177   74  174   94  124   44   61   29  123   25   89   30   24  100   31  197  140   12   14  100   98
152      62  177  109   37  159  160  159  136  169  158  167  194   19  138  185   29   36   94   85  173  123   92    2  104  125  148  177   50   62  118    7  167  130   52  159  164  153   56   42  197    1  123
153       2  184   85  148   95  196   53   48  139   73   39  166   26  115  145  169  138   59   87  141  144   99  198   50   10  189    9  142   78    8   44   17   38   78   79  183  124  131  174   35  118   18
154     186  149  144   62   65   29   92   15    2   12   54   82  117  168   46  192   14   39   37  114  172   41   23  160   26    2   40   65  173   41  148   92  163  122  175   70  190   55   74  189  125  108
155      33   21    5  105   26   21   73   29    7  154   89  128  135  162  172  157   37  165   68   85  116  183  170   64   82  181  151   41  164  181  113  138  153    8  138   94  104  102   85   51   55  170
156     133  112  196   39  164  179  137  128   20   60   66  193   56   56  141  139  181   26   60  143  130  181  176  131   87   95   13   38  198  170  153   62  183   27  147   55   95  187  171   40  139   32
157     122   57  107  152  119  139  145  151  113  169   37    5   65   19  146  131  112  102   15  193   42   17   37   32  163  153  111  194   40   55   98   15   43   22   38  199   63  120  183   32  133  120
158      26   78   90   20  129   39  162  172  190   71  152  133   89  186   84  135   89   70   55   57   34   12  153   20   18   26   43   78   77   74    1   84   50   31   47   11  167  113  170   16   32   19
159     150   44   19  167  149  183   56  174   54    9   13   31   68  109  200  108  141  126  165   24   45  152   75   78   33  120   70   56  135  115  156  116   74  175  106  156  156  111  150   58   79  110
160      61  135   27   98   92   46  114   19   57    4  121   50  102    6  122  176  106   95   64  176   72   58  156    8   58   83  171  196  197  104  126   52  126   37  128  193    9   97  126  167  171   64
161     140  128   13  185  157  162  129  186  167  118   77  150   47  192   41  172   33  149  160  150  150  151   61   72  170  172   11    3  186   20  189  146  147   35   30   24   27  122   57  125  173  189
162      80  104  110  175  152  147   41   86   59  146   22   15   44  150   59  106  124  188   99  134  192   88   60   53  178   67  194  154  157  190  152  165  115   67   90  102   99  174  136  188  127  128
163      67   28   86  150  125   84  127   20   77   97  137  113   18  160   38  110   95  172   54   46   58  103  139  149  173   57  109  109  181  159  170   74   81  164   81   45  168   49   37  148   86   57
164      72  102  129  104   91   40   37   97   13  115  141   25  119  105  171  179  131  139  118    1   56   30    5  127  141    9   51  127  125  169  122  129   75   25   46  166   19   63    1  191   95   68
165      64   66   25   52   17   16   82   89   49   58  100    2  177  107   50  121   18   14   29  140   93  176  173  158   23  143   29  146  175   73   74  130    3  126  127   74   17  192  139  194   59   65
166     114   43   33   91   77   32  171  125   52   80   41  109  130   32  119   43  109  110  132  186   68  186  103   60   73  191  154   69   67   70  160   99  145  123   91   16  145   86   88  111   31   36
167      51  182   47   84   47   96  178   85   76   83   84  111  159  180  156   88   42   23   32  155   64  105  123  107   54   42  104   83  109   64  178  196  121  139   66  145   32  157  155   84  164   74
168      75   71  126   70  138   62   66  193  196  140  126  172   97  170  155  134  129   17  125   33   10  196   67  199  106  147  166  167  136  127  102   39   25   65  199   88   16   15  116   68  128  153
169      78   14   61  199  134  110   75  111  186   28   45  112  184  159  160  101  197   84   81   51  135   43  167  192  154  187  126  133  127  108  118   96   13  137  190   34  188  144   86   79  103   43
170      15  143  121   75   63   73   43   98   72  167  153   46  139  108  110   47  183  183  180  195  117   71  126  133  162  127  114   25  139  138   78  161  119  177   68   37  132   70  199    9   15  147
171     173   11  128  115  130   24   42  131  181   77  147  139   12   53   73   92   25  170   50   12   30  153   15  111  193  142   87   95  120  145  174  100   96  168  157  124   89  184  173  166   78  102
172     164   42  135  174  185  143   39   68  128  161  130   92  183  123   48   93  166   29   43  145   24   29  112    7  116   92   46   47   93  106   94  197   71  107  124  148   60   20    9  118  150   73
173     193  139  137   64  156  156  107  129  142  170   34    4  158  185  162   82  121   40  148  138  119   69   13   63   11  168   50  174   80  110  127  103  129   43   99   33  182   69  188  153  179   26
174      81   58  175   46   23  169  151   13  194   46   38  164  155   85  143   65  116    2   53   70   20   51   22   69  136  160  196  177  178  139   38  188  157  103  125   10   93   24  129  149   37   17
175     182   15   81  151    4   48  148   94  165   53   71  102  122  124  177  168  147   87  143  169  124    8   44   29   68   61  180   13    5   87    4   80  199  155   10  101  193   57  187   15  157    4
176     126   62   83  142  113    1  164  197    3  134   61   41    8   89  163   39   65  147  168  182  128  185  113  194   24  132  102  131  160  135   47  182  107   75  150  140   41   81   15    5   45  129
177     161   36   26  103  145   25    1  153  185  157  111  107   48   81  133  174   81    3  151   83   29    4  187   89    1   97  165  100   23  160   90   34  139   34  170  161  155   16  194   43  195  155
178      97  187  113   69  150   20  192  101  193   50   36   37   99    3   39   87  113  107   45  116  161  164    6  196   31   85   74   80   68   83  200    6   31  156   82  108    2   28   65    6   77  119
179     141   45  106   90  105   88   29   73  199  100   79  184   33   39  154  189  196  132    7   32   65    9    9  167   20  129  181   36  161   44    6   75   16  133   41  151   28  179   90   34  148  144
180      20   33  140  177   78  174   61   90  156   37  119   10  199  178  173  153  176  121   66  168   38  195   33  172  103  116  159  200   27   90   53  198    9   71   17  120   35  196  141  116  140  134
181     153  181   40  117    5  191  105   55  160    6  171   83  172   23   11  132   83  176  187  159  136   39  162   86  174  121  157   32   51  184   58   60  192   79  153  181  169   46   66   47  101  140
182      44  145   30   92  110   67  135   82  182  121   42   77    5   92  158   68   16  198  106  111  108  126  124   54   63  186  179  147  122   37  150  109  177   92   28  159   73  148   72  132   89   55
183     165  100   39   50   48   68   70  119   96  131   24   81  164   98   58   35   15   82  109   36   97   40  178   40   74   33   25    5  102  199   64   43   32  125  148   97   54   25   21  137   17  188
184     166  130  122   88  181   93  104   99   32   44   74  177    4    4  194  122  185  164   38  102   67  155   70  105  108   59  152  104  154  136   71  179   99  131   84  170  121  181  177   54  116   34
185     121  172   64   83   41  193  118   52  148  143  142   38  189   95   93  180   13   93   74  109  134  161  164  147    9  174  108  112  167  166  125   69   93   15  120  106   81   94  125  151  131   76
186      29  118  125    9   11  108   55  170   30   25   69  158  127   40   57  178   97  124    3   82  199   38  157    9   86   11  122    7  180   51  172  121   39  118   83  168  176   98  149   82   65  109
187     185   97  145  200   83   72   47   51  124   48   18  181   14   48   74   69  172   42  135  153  176   76   72   44  197  199   97    8  143  193  106  173  155   40  119  139  160   44  124   28    8  157
188     118   47   92  193  144  158  141  103    1    1  120   62  132   31  157    7  133  179   65  198  185  123  135  166  145   58   31  173  114   24  199  190  148  110   69   49   58   48  140  199   94  131
189      55  152   53   13    1  159  176  155  118  175  150  146  141  199   45  171   44   69  156  164   13  147   25   75  175   30    3   91   44  102   43  136   57   53   45  111   46   27  101   39  112   38
190     176  156    1  184  151  148  195  145  100  133  140   98  116  177  168  181  160   78   69   28   25   89  102   80   43   64   95  149   31   13   13  135   22   72  136   93   70   47   83  115   43  114
191     198   46  185   21   94  182  191   10  150  106  190   51  151  196  130  119  199   44   59   65   44  116   96  162   52   40  124   86   69  131   67   11  127   62   33    7  165   67   89  133   57  178
192      99   54  177  134   71   97  109   92   17  168  192   60   15   11  161  130   70  101  188  131  131  117   62   27    5  130  143   23   36   35    8   25   45   59  112  189   83  103   20  131  122    1
193      90  107   55   23  195    6   80  162   84   14  197  170  176  181  150   13  146   50   41   59  110  172  151  161   40  183   76  135   63  148  192  176  149  146  121  191  112   99   35   59  180  122
194      66   89  102  161   85   57  180  180  159    3   67  132   51   21   64  159  163    1  171  110  100  157  132   67  133  182   17   35   34   66   32  145   59  148   22  171  175  150   19  158  108  112
195      46    2   14  168   35   37  196  152   78  178    2  142   73   34  188  188   72    7   44   92  125  169  106   42  120    5   39   29  107   86  114   49    4  188    6  180  111    8   62  176  151  180
196     137   95  115  125    2  118  156  143   75   70  110  167  101  145   47  197   61   10  131   45  146  188   26  108  183  113  158   81   39  152   95   55   49  194  200  113   91  136  115   87   96   86
197      13   18  117  137   52    9   68  150  177  166   59  129  193  121   36   26  178  120  145    9   37  124  181   94   17   99  182   22   73   32  193  199   48  200    2  105   82   79   56   94   99  115
198     195  140    7  165    8  178  154   80  161  200  122   64   52   14  113  103  168  167  144   22   86  119   59  156   97  177  140  114  166  183   20  162  173   83   36   99  126  129   64  146   10   27
199      57   25   18  153  131  180  166   60  152   47  176  134    9   51  182   61  140  115  173   75   96  150   58  115   49   12  189   85   72   28  137   79  176   88   48  175  133  158   61   80   54  181
200     152    4   97  173   98   78  144   81  123   39   49  163   88   64   95   79  188    9   77   73   28    6   57  169  194   21  119   79   55  129  109   59   51   66    7  172  147  167  158   64  142  117
