 FLOW_OUT_46
observed          L95PPU         U95PPU         Best_Sim       M95PPU
7.716400        2.003604        6.875130        6.688000        4.696164       
7.852300        4.326726        6.825501        6.235000        5.695246       
18.223700       10.553800       24.718718       16.120001       18.147795      
33.015999       15.704000       53.842464       34.119999       40.824902      
16.594700       14.551750       34.300037       37.180000       27.044146      
15.583200       1.980317        22.286798       14.360000       9.280181       
7.029300        0.760028        13.223571       4.072000        4.967532       
2.744100        0.246183        9.628219        1.230000        2.640998       
1.754400        0.360428        7.080151        0.568600        1.874260       
3.442100        0.322942        6.066249        0.468000        1.578001       
5.379200        4.050375        17.709316       10.780000       12.698446      
13.814300       4.006387        8.671183        9.440000        6.359520       
15.630200       8.667558        15.664259       14.580000       13.258559      
9.866100        6.807033        9.853273        9.202000        8.704571       
15.900800       10.666828       26.706837       16.790001       19.260216      
41.088001       15.057500       43.998695       30.540001       35.513592      
30.960400       4.658616        26.278402       29.410000       16.803720      
15.032800       4.640844        17.579750       10.170000       9.603445       
4.476800        0.361603        11.236015       2.961000        3.844434       
0.532300        0.223344        8.966374        0.949500        2.317410       
0.988000        0.162024        6.556410        0.452900        1.574203       
3.481200        0.360657        5.837365        0.458200        1.658936       
10.764400       3.180167        16.093065       9.148000        11.215211      
9.816800        5.743810        11.225688       11.860000       8.883426       
8.362100        6.958500        10.106144       10.000000       9.190229       
11.166000       8.930750        14.727798       12.590000       12.271175      
14.706200       9.247553        21.005957       13.490000       15.436550      
31.146000       13.347500       33.955544       27.139999       28.847702      
16.061800       7.468789        19.480858       21.200001       12.935143      
8.830800        0.609858        12.618519       6.738000        5.853195       
0.924800        0.284703        9.033520        2.226000        3.075601       
0.370500        0.184895        7.191250        0.773600        1.947684       
0.590800        0.174177        6.446700        0.385100        1.380893       
1.523600        0.160829        5.253330        0.240800        1.038854       
3.766800        0.361680        5.086095        0.891400        1.785857       
4.603700        0.118985        4.732329        0.804700        0.906375       
1.671600        1.612071        4.915699        4.371000        3.375180       
9.456800        3.336600        13.955898       8.467000        9.222115       
27.252001       9.064667        46.169239       25.900000       33.506252      
39.476101       9.278000        28.518661       31.660000       20.880024      
15.594000       2.092714        17.339867       14.130000       8.590643       
1.387700        0.462862        10.163200       3.444000        3.963795       
0.293400        0.203163        7.332201        1.047000        2.288052       
0.189600        0.145034        6.504542        0.466200        1.535756       
0.002300        0.198582        5.884625        0.255900        1.207242       
0.222000        0.320824        5.332800        0.957500        1.788679       
2.826600        1.109046        7.450785        3.996000        5.087685       
4.668000        2.728740        6.506344        6.616000        5.327531       
2.842700        3.287437        6.126500        5.140000        4.865664       
13.496500       4.317355        8.232402        6.802000        6.079584       
44.411999       8.142514        37.803146       17.600000       24.207487      
54.366501       8.922400        26.851387       30.389999       20.789213      
21.204000       0.650759        13.391768       9.313000        6.068922       
3.050300        0.685994        8.168424        2.592000        3.491322       
0.321300        0.365365        6.842800        1.034000        2.192899       
0.260000        0.133986        6.003125        0.528000        1.416683       
0.360000        0.172406        5.507225        0.246700        1.080762       
4.304000        0.726142        5.718822        2.553000        3.508611       
8.907100        1.595056        4.976500        3.270000        2.609485       
6.234800        2.792458        9.330705        5.084000        6.299086       
7.187100        3.900300        11.257478       10.670000       8.702862       
23.091600       5.195150        14.445548       8.134000        9.577499       
29.208000       9.066051        23.838385       22.350000       18.845285      
33.047699       2.071386        10.333660       8.746000        5.823473       
13.724000       0.237842        6.641582        3.186000        3.020653       
0.712300        0.278518        5.860917        1.035000        1.852899       
0.154800        0.213429        5.137640        0.555500        1.282961       
0.120000        0.081737        4.953392        0.317300        0.912988       
1.080000        0.054461        4.650318        0.166100        0.661542       
7.896000        0.059344        4.415813        0.086400        0.526782       
12.565200       0.084450        3.926614        0.132600        0.576257       
14.073200       0.214771        3.705900        1.452000        1.763022       
17.590300       0.852407        7.739943        5.179000        5.368056       
18.439100       2.266000        15.996570       8.804000        10.449008      
20.444000       3.727550        17.314873       16.010000       12.853354      
19.383101       2.989750        9.707314        10.290000       6.728795       
1.414000        0.204548        6.018294        3.327000        2.762842       
0.000000        0.115687        4.838130        1.013000        1.645387       
0.000000        0.078622        4.201581        0.391100        1.091306       
0.000000        0.057348        4.046435        0.162500        0.782051       
0.027700        0.086814        3.963949        0.110900        0.769681       
1.079800        0.284249        3.715332        0.969800        1.575209       
14.416800       0.528667        3.452800        1.653000        1.477320       
10.298800       0.870950        3.168260        1.622000        1.666246       
17.222300       1.227857        2.945700        1.989000        1.966825       
16.195000       1.467230        6.798267        2.819000        4.056085       
31.028000       3.081111        21.993187       16.620001       16.594629      
21.401899       3.223600        11.795714       12.950000       8.138523       
2.664900        0.217849        6.247962        3.783000        2.846494       
0.000000        0.111224        4.766531        1.101000        1.651432       
0.000000        0.073637        4.014740        0.401600        1.081449       
0.000000        0.057140        3.651136        0.162600        0.774810       
0.000000        0.174710        3.621006        0.353300        1.378630       
0.000000        0.655728        3.549930        2.132000        2.182571       
0.000000        1.229650        3.396150        2.224000        2.187200       
1.000000        0.261205        3.218760        2.034000        1.565889       
4.000000        1.462000        4.999040        1.871000        3.026960       
2.957500        3.426346        23.190895       13.810000       15.594063      
35.964401       6.686350        23.243124       23.000000       19.365412      
25.562599       6.083300        15.708797       17.129999       12.207606      
0.708800        0.337055        9.741243        5.325000        4.237250       
0.000000        0.251666        6.440889        1.616000        2.376442       
0.000000        0.139140        5.362752        0.675500        1.564614       
0.000000        0.081557        4.530691        0.314200        1.058437       
0.000000        0.170614        4.067460        0.196300        0.884807       
0.000000        0.331875        4.295774        0.837900        2.313879       
0.000000        1.513100        6.439275        4.919000        4.815350       

p-factor= 0.52
r-factor= 0.75
R2= 0.68
Nash_Sutclif= 0.63


 FLOW_OUT_51
observed          L95PPU         U95PPU         Best_Sim       M95PPU
9.340600        2.571575        13.531961       13.850000       9.156778       
10.608600       5.023499        12.848999       9.251000        8.684414       
24.981300       13.129250       43.835052       25.790001       30.271645      
52.625000       18.610001       87.761665       52.799999       65.073708      
47.888699       21.085751       55.777874       61.900002       44.066441      
10.356000       2.584821        35.417416       29.010000       16.183479      
6.174500        1.367111        26.996603       7.694000        9.435531       
2.120000        0.450625        15.844522       1.313000        3.599558       
3.941000        0.477496        13.925771       0.787200        2.734922       
17.916000       2.864861        17.542351       7.395000        11.918210      
16.865801       5.037660        13.448503       11.670000       8.368509       
23.900299       8.414906        19.595070       16.629999       15.497529      
15.966400       8.510611        13.489724       13.590000       11.653482      
18.980000       12.938125       43.276005       22.559999       27.920347      
49.460300       17.204643       76.289642       48.369999       56.616302      
57.510300       7.779090        46.266674       54.180000       31.323792      
26.240700       5.782300        33.429695       22.040001       16.817015      
5.503200        0.619553        22.827627       5.687000        7.573962       
5.430500        0.427561        13.028600       0.671100        2.664678       
12.250400       2.186667        18.131201       7.241000        11.538965      
11.012100       6.448545        15.536402       14.760000       11.884713      
12.322100       7.818917        13.312825       12.360000       10.775787      
15.673300       10.289782       22.098585       15.770000       16.459785      
15.640300       12.103157       37.253998       19.940001       23.453558      
45.632401       17.810286       65.660110       48.240002       51.966549      
36.361900       9.349935        37.600101       42.650002       23.015503      
7.021900        1.071543        24.838110       13.020000       10.734372      
0.960000        0.508312        16.921356       3.874000        5.909029       
0.900000        0.327088        14.535460       1.770000        3.835958       
1.900000        0.271340        13.474530       0.971400        2.725932       
2.900000        0.237550        11.205198       0.559400        2.053707       
4.865800        0.448069        10.806499       0.506600        2.434613       
6.230700        0.174391        10.290350       0.983100        1.712899       
0.057000        0.614898        8.745775        1.156000        2.837230       
0.708400        1.365275        9.022150        7.063000        6.194228       
2.947000        3.642865        26.843887       13.300000       15.354944      
27.819201       11.170406       74.582748       39.020000       51.012707      
41.015499       15.128334       49.608337       53.200001       38.227200      
8.457900        3.098937        34.064453       33.889999       17.958632      
0.236200        0.908685        21.878387       8.016000        8.264673       
0.000000        0.421089        15.192080       2.577000        4.844757       
0.000000        0.275422        12.910958       1.260000        3.259583       
0.000000        0.344029        12.253489       0.703300        2.427168       
0.018700        0.430942        10.299726       0.483200        2.434810       
10.834600       0.819893        9.597601        2.453000        5.051108       
18.775400       1.746179        10.031799       7.392000        6.497360       
25.660500       3.226250        9.353748        6.194000        5.589325       
10.275500       4.832858        12.344668       9.493000        8.549825       
86.540001       9.344029        63.339596       24.950001       35.177845      
67.863899       11.111608       47.516048       45.930000       34.541821      
31.769300       1.094779        25.238588       23.639999       11.673532      
10.478700       0.925801        16.002586       5.086000        6.355647       
5.225800        0.590005        12.385806       2.081000        4.083882       
2.046700        0.247443        11.027214       1.180000        2.776765       
8.135500        0.227158        10.435881       0.681600        2.041807       
6.401300        0.644013        9.933309        1.095000        3.876941       
20.559999       1.046067        9.141920        3.462000        3.147149       
18.347700       2.159437        12.032654       5.523000        7.275179       
10.700000       4.842667        16.901335       14.850000       12.719059      
27.298100       7.123659        24.296747       13.900000       15.845787      
36.777302       9.709035        40.911430       32.490002       30.312279      
60.249699       2.431016        18.785824       20.360001       10.686468      
19.254000       0.451754        12.928117       5.871000        5.720853       
7.000000        0.372775        10.126268       2.221000        3.518967       
4.000000        0.303707        9.504929        1.143000        2.436387       
0.000000        0.149423        8.590427        0.668300        1.790812       
0.000000        0.104009        7.985162        0.415600        1.354387       
1.535300        0.117725        7.733952        0.252500        1.080367       
2.903900        0.129443        7.177750        0.162400        0.945503       
26.533899       3.820125        11.749970       13.460000       8.565230       
15.000000       0.275070        7.796540        5.227000        3.715032       
10.000000       0.151889        6.284823        2.073000        2.259514       
4.000000        0.097472        5.431503        1.009000        1.555293       
0.000000        0.070205        4.620587        0.467400        1.158589       
0.038400        0.070857        4.430156        0.224900        0.969462       
2.470000        0.182549        4.398944        0.193300        1.438600       
11.472900       0.288573        4.145600        1.064000        1.608529       
10.834500       0.507481        3.676340        1.562000        1.673061       
13.458700       0.680276        3.717513        1.784000        1.938371       
19.697800       0.833196        6.946235        2.343000        3.613507       
24.650700       1.814188        24.659706       15.270000       16.583748      
30.235500       3.459000        14.152909       16.680000       10.011155      
3.196700        0.293244        8.634738        6.366000        3.937230       
0.000000        0.148485        6.317053        2.283000        2.295275       
0.000000        0.091441        5.183735        1.073000        1.541344       
0.000000        0.065497        4.639366        0.489700        1.132962       
0.000000        0.139098        4.033238        0.236100        1.347409       
0.000000        0.339327        3.920708        0.883800        2.196958       
0.000000        0.684560        3.804771        2.414000        2.496238       
0.000000        0.398452        3.519308        2.386000        1.981985       
0.000000        1.283135        5.531216        2.028000        3.005556       
0.000000        2.343212        31.259310       14.450000       18.041359      
35.024700       4.849444        36.484875       31.080000       28.089262      
29.771700       5.432042        25.316219       30.020000       18.651983      
18.636600       0.569926        16.253584       10.920000       7.451547       
10.000000       0.298080        11.356099       3.232000        4.181570       
3.000000        0.256227        9.544106        1.474000        2.740194       
2.000000        0.137550        7.713613        0.810600        1.912836       
0.000000        0.174243        6.629725        0.439300        1.476935       
0.000000        0.284069        6.057126        0.303200        2.208428       
0.000000        0.736065        7.038007        3.209000        4.539200       

p-factor= 0.51
r-factor= 0.93
R2= 0.64
Nash_Sutclif= 0.61


