no_pars=  42
no_Sims=  200
Type_of_Obj_fn=  multiple
Sim_No.    r__CN2.mgt  v__ESCO.hru  v__HRU_SLP.hru  v__OV_N.hru  v__SLSUBBSN.hru  v__ALPHA_BF.gw  v__CH_N2.rte  v__CH_K2.rte  a__GWQMN.gw  a__GW_REVAP.gw  v__REVAPMN.gw  v__GW_DELAY.gw  v__GWQMN.gw  v__GW_REVAP.gw  v__ALPHA_BNK.rte  r__AUTO_EFF{[],11,AUTO_NSTRS=0.6}.mgt  r__CN2.mgt________1  r__SOL_AWC(1).sol________1  r__SOL_K(1).sol________1  r__SOL_BD(1).sol________1  a__GWQMN.gw________1  a__GW_REVAP.gw________1  v__REVAPMN.gw________1  a__ESCO.hru________1  r__HRU_SLP.hru________1  r__OV_N.hru________1  r__SLSUBBSN.hru________1  a__GWQMN.gw________3-6  a__GW_REVAP.gw________3-6  v__REVAPMN.gw________3-6  a__ESCO.hru________3-6  r__HRU_SLP.hru________3-6  r__OV_N.hru________3-6  r__SLSUBBSN.hru________3-6  r__CN2.mgt________7,12,15,16-20  a__GWQMN.gw________7,12,15,16-20  a__GW_REVAP.gw________7,12,15,16-20  v__REVAPMN.gw________7,12,15,16-20  a__ESCO.hru________7,12,15,16-20  r__HRU_SLP.hru________7,12,15,16-20  r__OV_N.hru________7,12,15,16-20  r__SLSUBBSN.hru________7,12,15,16-20 multi_goal_value
1      -0.1064   0.4075   0.0097   0.1532  90.2312   0.5575   0.2753  40.0250 486.0750   0.1437 350.7500  36.1625   1.3583  -0.0048  -0.0161   0.2902  -0.0972  -0.0545  -0.4372   0.0003   5.9105  -0.0545   7.1512   0.1209   0.1638  -0.1558   0.0483  11.6573  -0.0357   6.0883   0.1020   0.1305  -0.1032   0.1195   0.3970 -10.8240   0.0172  12.2425   0.0319   0.0487  -0.0854   0.1645  -4.163206
2      -0.0791   0.2775   0.0103   0.1769  90.4337   0.4575   0.2365  26.6750 177.3750   0.1388 491.7500  16.3875   1.3158  -0.0218   0.1529   0.2085  -0.1392   0.0295  -0.4778  -0.2681   3.3545  -0.0259   9.2137   0.1134   0.1495  -0.1318   0.1047  20.6045  -0.0587   2.9832   0.1524   0.2405  -0.1616   0.0015   0.3810  -1.0320   0.0230   8.1475  -0.0874   0.0300  -0.0636   0.1385  -3.299548
3      -0.0088   0.0975   0.0341   0.1285  91.3788   0.3725   0.1136  28.4750 334.1750   0.1047 238.2500 -36.7225   0.6612  -0.0363   0.1477   0.3109  -0.0192  -0.0965  -1.0043   0.0267   6.1235  -0.0383   7.0687   0.0076   0.1625  -0.1373   0.0351  20.1264  -0.0519   2.1207   0.0796   0.1395  -0.1829   0.1965   0.2910  -4.2960   0.0227  14.6725  -0.0806   0.0014   0.0181   0.1585  -6.361307
4      -0.0445   0.2525   0.0073   0.1229  91.4912   0.8175   0.1976  32.9750 238.6250   0.1817 203.7500 -17.5125   1.0692  -0.1034  -0.0239   0.1982  -0.1107  -0.0485  -0.6263   0.0333   1.9345  -0.0435   7.3713   0.0324   0.0949  -0.1953   0.0021  20.4680  -0.0509   5.7432   0.0772   0.2425  -0.1686   0.1485   0.4890  -1.9920   0.0031  14.1775   0.0596   0.0503  -0.0704   0.0795  -9.234337
5       0.0280   0.1925   0.0117   0.1760  89.8487   0.6275   0.1157  23.8250 133.2750   0.1367 212.7500  47.4625   1.8683  -0.0235  -0.0551   0.3040  -0.1093   0.0085  -1.0402   0.0223   1.2245  -0.0365   9.0763   0.1029   0.0559  -0.1013   0.0999   8.9253  -0.0561   3.4318   0.0500   0.2015  -0.1210   0.0625   0.2390  -3.3360   0.0211  11.8375  -0.0529   0.0223  -0.0606   0.0125  -5.733788
6      -0.0193   0.0675   0.0335   0.1634  93.4713   0.0375   0.2963  44.6750 419.9250   0.1157 401.7500  -7.9075   1.5197   0.0283  -0.0369   0.2315   0.0333   0.0595  -0.8783  -0.1845   0.3015  -0.0271   9.8187   0.0024   0.0826  -0.1308   0.0213  12.6135  -0.0539   6.8472   0.0188   0.1645  -0.1968   0.0175   0.3190 -14.8560   0.0062  15.8875  -0.0116   0.0124   0.0024   0.0845  -14.159753
7      -0.0676   0.6425   0.0113   0.1321  92.1212   0.8525   0.1420  20.0750 280.2750   0.1863 400.2500  39.5525   1.4093  -0.0380  -0.1045   0.2741   0.0437   0.0275  -0.8108  -0.1317   9.7445  -0.0379  10.8362   0.0069   0.0501  -0.1583   0.1149  19.0336  -0.0403   4.1563   0.0676   0.1415  -0.1503   0.0005   0.1250   1.6560   0.0035  10.1725   0.0244   0.1097   0.0399   0.1155  -4.473327
8       0.0164   0.5875   0.0011   0.1748  91.7162   0.6075   0.1147  39.8750 439.5250   0.1933 430.2500  -2.8225   1.4347   0.0198   0.0125   0.3385  -0.1558   0.0855  -0.8512  -0.0525  -1.4025  -0.0527   6.9313   0.0504   0.0988  -0.1273   0.0009  17.5310  -0.0303   4.0182   0.0580   0.2195  -0.1191   0.1725   0.4710  -3.9120   0.0269   7.5175  -0.0551   0.0520  -0.0614   0.0285  -11.616300
9       0.0206   0.3625   0.0263   0.1708  90.3887   0.6375   0.2081  23.3750 265.5750   0.1458 413.7500   9.0425   1.9108  -0.1000  -0.1383   0.3707   0.0182   0.0965  -0.5633   0.1037   6.6915  -0.0413   6.4363   0.0001   0.0845  -0.1258   0.0699  19.3069  -0.0443   7.2958   0.0612   0.2695  -0.1181   0.0605   0.2830  -3.7200   0.0215  11.7925  -0.0506   0.0135  -0.0111   0.0535  -6.920823
10     -0.0823   0.4825   0.0325   0.1561  89.6237   0.2925   0.2197  41.8250 429.7250   0.1793 439.2500 -15.8175   1.2392  -0.1136   0.0203   0.1752   0.0452   0.0925  -0.3968  -0.2263   6.9045  -0.0581   8.1138   0.0444   0.1430  -0.1673   0.0381  20.0581  -0.0417   2.3277   0.0548   0.1925  -0.1928   0.1445   0.1770  -2.9520   0.0097  11.4775  -0.0184   0.0536   0.0316   0.1835  -13.528149
11     -0.0392   0.1475   0.0039   0.1780  93.9437   0.6825   0.2102  28.0250 407.6750   0.1963 493.2500 -40.6775   0.6187  -0.0567   0.1113   0.1936  -0.0268  -0.0895  -0.7747  -0.0635   5.1295  -0.0217   8.6637   0.0264   0.0572  -0.1077   0.0387  12.3403  -0.0597   5.2603   0.0380   0.2435  -0.1918   0.0035   0.3270  -2.1840   0.0008  14.4475  -0.0604   0.0525  -0.0156   0.0595  -3.720840
12      0.0028   0.2675   0.0351   0.1478  92.7962   0.3775   0.2701  36.4250 275.3750   0.1312 389.7500  56.5025   0.4063   0.0419   0.1503   0.2948  -0.0838  -0.0875  -0.5723  -0.1625   8.5375  -0.0281   9.5437   0.1156   0.1664  -0.1912   0.0843  20.3997  -0.0383   2.8452   0.0268   0.1155  -0.1121   0.1955   0.2230 -13.3200   0.0271  14.1325   0.0311   0.0531  -0.0216   0.1065  -5.758274
13     -0.0644  -0.2575   0.0313   0.1688  93.3138   0.1075   0.0989  34.3250 231.2750   0.1918 320.7500  50.2875   0.6867   0.0496   0.1711   0.3327  -0.0852  -0.0155  -0.3652  -0.1427   0.6565  -0.0575  11.3862   0.0016   0.0819  -0.1692   0.0807  12.8183  -0.0359   3.3282   0.0220   0.1805  -0.1770   0.1655   0.1410  -8.1360   0.0106  14.9875   0.0199   0.0883   0.0286   0.0875  -4.523182
14     -0.1211   0.6525   0.0191   0.1243  91.1988   0.8825   0.1115  42.1250 152.8750   0.1077 323.7500  -0.5625   1.2222  -0.0193  -0.1279   0.1924  -0.1182  -0.0925  -0.4868  -0.1295   5.5555  -0.0539   8.2513   0.0789   0.0423  -0.1602   0.0459  19.1702  -0.0433   3.5352   0.0332   0.1815  -0.1324   0.1805   0.4690  -2.4720   0.0245   9.3625  -0.0109   0.0289  -0.0899   0.1415  -9.294130
15      0.0196   0.3175   0.0089   0.1583  92.1438   0.9975   0.2806  36.2750 270.4750   0.1243 286.2500  27.1225   1.5453  -0.0006   0.3063   0.2660  -0.0747   0.0895  -0.7343  -0.1383  10.8095  -0.0421  11.2212   0.0166   0.1300  -0.1103   0.0027  15.4137  -0.0669   3.9148   0.0828   0.2275  -0.1206   0.0295   0.4010   2.9040   0.0200   9.2275  -0.0739   0.0553  -0.0959   0.1975  -3.973484
16     -0.0539   0.5175   0.0383   0.1222  93.7188   0.5975   0.2543  37.9250 138.1750   0.1678 395.7500  23.7325   0.8142  -0.0320   0.0749   0.3730  -0.0327  -0.0365  -1.0582  -0.2593  -2.3965  -0.0289   7.0138   0.0796   0.1268  -0.1053   0.0765  12.2037  -0.0525   7.5718   0.1444   0.1235  -0.1448   0.1165   0.2590 -13.0320   0.0151  13.5925   0.0206   0.0206   0.0406   0.0245  -6.133607
17      0.0553  -0.1575   0.0007   0.1784  89.9613   0.2075   0.1934  25.1750 417.4750   0.1988 497.7500 -19.2075   0.3467  -0.0813   0.1815   0.3833  -0.0507   0.0795  -0.7703  -0.2175   3.4965  -0.0251  10.9738   0.0316   0.1560  -0.1832   0.0195  16.5749  -0.0507   3.2938   0.0412   0.1945  -0.1319   0.1405   0.4110   3.1920   0.0044  13.9075  -0.0071   0.1059   0.0099   0.0935  -3.572416
18     -0.0004   0.6225   0.0377   0.1516  90.1862   0.0575   0.2470  40.4750 375.8250   0.1128 406.2500  26.5575   1.5028  -0.0711   0.2127   0.2453  -0.0088  -0.0805  -0.8378  -0.2065   5.9815  -0.0507   9.9012   0.0526   0.1248  -0.1548   0.0369   8.8569  -0.0485   8.3997   0.1300   0.1405  -0.1745   0.0675   0.4510  -1.8960   0.0140  15.9325   0.0581   0.0745  -0.0344   0.1575  -4.127992
19     -0.1117   0.5925   0.0231   0.1540  90.4563   0.5625   0.2428  38.5250 508.1250   0.1538 337.2500  25.9925   1.2648  -0.1060   0.2803   0.3465  -0.0672  -0.0795  -1.0358  -0.0239  -0.6925  -0.0385  10.6163   0.0129   0.1385  -0.1173   0.0927  19.9899  -0.0529   7.4338   0.0204   0.2935  -0.1532   0.0995   0.3910  -0.4560   0.0164  13.0525   0.0341   0.0701  -0.0734   0.0985  -3.307031
20      0.0511  -0.2975   0.0101   0.1235  92.5488   0.0475   0.1924  47.3750 233.7250   0.1922 448.2500  50.8525   0.9417   0.0139  -0.0135   0.3028  -0.0718  -0.0115  -0.6127  -0.1801  -1.9705  -0.0529   7.1238   0.0946   0.0670  -0.1772   0.0105  14.6624  -0.0343   5.3983   0.1476   0.2215  -0.1864   0.0815   0.2870  -3.2400   0.0292  13.6825  -0.0191   0.0987   0.0031   0.0995  -9.249907
21     -0.1453   0.0575   0.0239   0.1480  93.7637   0.1775   0.1598  33.5750 415.0250   0.1222 265.2500  55.3725   1.5367  -0.0881   0.1295   0.2200  -0.1452  -0.0635  -0.7613  -0.1911   4.4905  -0.0377  10.4237  -0.0014   0.1645  -0.1657   0.1113  10.3596  -0.0323   6.5367   0.0476   0.2255  -0.1042   0.1105   0.1850  -5.4480   0.0112  13.8625  -0.0821   0.0267  -0.0936   0.0415  -7.091782
22     -0.0424   0.1275   0.0145   0.1393  93.4037   0.3175   0.1357  46.3250 147.9750   0.1112 346.2500  16.9525   1.6812   0.0207   0.2179   0.2672  -0.0298   0.0425  -1.0178   0.1257  10.9515  -0.0203   9.0487   0.1194   0.1352  -0.1168   0.0363  20.3314  -0.0569   2.5003   0.0108   0.2855  -0.1077   0.0165   0.1010   0.1200   0.0076   8.2825  -0.0379   0.0454  -0.0434   0.1615  -3.951216
23      0.0112   0.5725   0.0367   0.1211  91.3112   0.1525   0.1409  41.9750 598.7750   0.1972 392.7500  52.5475   1.1118   0.0275   0.2439   0.3511  -0.0597  -0.0465  -0.3158  -0.0415  -1.1895  -0.0345  10.3137   0.1284   0.1183  -0.1797   0.0789  16.0285  -0.0389   7.1922   0.1492   0.1265  -0.1161   0.0205   0.3770   3.7680   0.0032  10.2175   0.0349   0.0388  -0.0621   0.0145  -5.115897
24     -0.0529   0.3675   0.0267   0.1787  91.1537   0.5725   0.2921  25.9250 282.7250   0.1023 436.2500 -42.9375   0.9843   0.0479   0.3141   0.1878   0.0993   0.0535  -0.2528   0.1367   9.9575  -0.0223   6.3538   0.0721   0.1105  -0.1303   0.0819  15.8236  -0.0651   8.8827   0.0292   0.1225  -0.1597   0.1845   0.4450   0.3120   0.0157   8.0125  -0.0859   0.0855   0.0301   0.1605  -6.529045
25      0.0416   0.0375   0.0085   0.1744  93.4938   0.9175   0.2281  27.2750 245.9750   0.1797 440.7500  35.0325   1.1968  -0.0788  -0.1097   0.2246  -0.1227  -0.0945  -1.1078  -0.2923   2.7865  -0.0569   9.7362  -0.0059   0.1170  -0.1392   0.0069  18.8288  -0.0375   8.5722   0.0388   0.1695  -0.1087   0.0085   0.4570   2.0400   0.0145  12.0175   0.0559   0.0008  -0.0531   0.1035  -5.582798
26     -0.1274   0.4675   0.0339   0.1639  93.6963   0.1625   0.0947  44.8250 383.1750   0.1647 224.7500 -18.0775   0.6102  -0.0142  -0.1201   0.3787   0.0077   0.0415  -0.5318  -0.2417  -2.4675  -0.0479   8.2787   0.0519   0.0416  -0.1217   0.0561  15.2088  -0.0301   3.3628   0.1348   0.2385  -0.1230   0.1375   0.3610   2.8080   0.0127  12.9625   0.0446   0.0949  -0.0149   0.1845  -5.048417
27     -0.0277   0.1775   0.0201   0.1529  93.5837   0.9425   0.1903  44.3750 162.6750   0.1968 454.2500  28.8175   1.8257   0.0164   0.0593   0.2522   0.1098  -0.0655  -0.7433  -0.0151   6.4075  -0.0419   8.1687   0.0939   0.1632  -0.1332   0.0513  11.9305  -0.0649   8.5033   0.1580   0.1455  -0.1908   0.1815   0.2450 -12.9360   0.0190  14.5825  -0.0686   0.0118  -0.0966   0.1965  -7.165257
28     -0.0256   0.5425   0.0309   0.1346  93.6738   0.6975   0.1892  45.2750 307.2250   0.1737 442.2500 -12.4275   0.5082  -0.0125  -0.0603   0.3270   0.0978   0.0395  -0.4013   0.1169   9.5315  -0.0283   7.7562   0.1224   0.0488  -0.1322   0.0399   9.6082  -0.0589   3.6042   0.0700   0.2475  -0.1389   0.0155   0.3630  -1.8000   0.0191  10.9825   0.0071   0.0344  -0.0471   0.0065  -8.605518
29     -0.0497  -0.1725   0.0157   0.1706  92.2562   0.5275   0.1430  30.4250 201.8750   0.1807 304.2500  36.7275   0.4742  -0.0856  -0.0863   0.3074   0.0003  -0.0725  -0.9503   0.0641   8.8215  -0.0495   9.3787   0.0691   0.1697  -0.1857   0.0597   8.5154  -0.0543   4.7083   0.1268   0.2265  -0.1696   0.1495   0.2110  -9.0000   0.0178   7.2925  -0.0086   0.0905  -0.0186   0.1725  -3.132282
30     -0.1001   0.0825   0.0371   0.1274  92.7738   0.3525   0.2491  37.0250 525.2750   0.1643 296.7500   9.6075   1.0352  -0.0184  -0.0473   0.3615  -0.0943   0.0935  -1.0853  -0.2043   3.2835  -0.0205   7.4262   0.0624   0.1242  -0.1107   0.0627  18.6922  -0.0397   7.6753   0.1028   0.1045  -0.1552   0.0595   0.3310   0.9840   0.0170  15.4825   0.0574   0.0696   0.0136   0.0915  -4.395656
31     -0.0172  -0.1525   0.0115   0.1534  93.5387   0.7025   0.2984  33.1250 128.3750   0.1082 200.7500  54.8075   1.6048  -0.0958   0.1191   0.2407  -0.1318   0.0805  -0.3293  -0.2571  11.1645  -0.0305   9.7638   0.0279   0.0592  -0.1493   0.1155  19.2386  -0.0665   2.7762   0.0356   0.1505  -0.1092   0.0495   0.2330 -10.6320   0.0203  15.8425   0.0454   0.0602  -0.0741   0.0045  -5.218485
32      0.0301  -0.0475   0.0187   0.1664  91.4238   0.3425   0.1378  41.0750 441.9750   0.1332 301.2500 -11.8625   1.7237   0.0003  -0.1149   0.3994  -0.1303   0.0905  -0.2752  -0.2725   6.8335  -0.0277   6.9587   0.0736   0.1580  -0.1637   0.0585  17.5993  -0.0377   5.3292   0.0820   0.1495  -0.1418   0.0315   0.1290   2.1360   0.0070   7.5625  -0.0026   0.0542  -0.0389   0.1105  -6.035814
33     -0.0046   0.6925   0.0181   0.1306  92.0537   0.9575   0.1693  44.9750 272.9250   0.1462 359.7500  15.2575   1.4262  -0.0592  -0.1461   0.2120  -0.0178   0.0525  -0.9772  -0.1669   8.0405  -0.0227  10.2312   0.0339   0.0897  -0.1503   0.0633   7.8324  -0.0675   8.7793   0.1156   0.2845  -0.1260   0.1395   0.4830   1.1760   0.0116  14.7175  -0.0169   0.1075  -0.0839   0.0055  -5.515908
34     -0.0770   0.2475   0.0207   0.1301  91.6712   0.6425   0.2837  25.0250 336.6250   0.1293 488.7500   5.6525   1.6302   0.0062  -0.1331   0.3810  -0.0132   0.0175  -0.3787   0.0729   0.4435  -0.0339   9.4613   0.0249   0.1073  -0.1028   0.0525  14.8674  -0.0537   6.3298   0.0572   0.2595  -0.1973   0.1055   0.4930   3.3840   0.0290  15.0775  -0.0656   0.0971  -0.0314   0.0585  -7.121888
35     -0.0319   0.1675   0.0301   0.1388  90.5912   0.9275   0.1252  38.2250 312.1250   0.1992 353.7500  -2.2575   1.7663   0.0079   0.0099   0.3937   0.1053   0.0885  -0.6083  -0.1647   4.9165  -0.0213   5.9688   0.0654   0.1079  -0.1743   0.0153  16.7115  -0.0427   3.8458   0.0484   0.2415  -0.1572   0.1575   0.2030 -11.2080   0.0014   7.4725  -0.0431   0.0052  -0.0981   0.0405  -12.655509
36     -0.0455   0.1325   0.0067   0.1733  92.9313   0.6875   0.1955  25.4750 370.9250   0.1657 478.2500  15.8225   0.5847  -0.0014   0.1217   0.3983   0.1082  -0.0845  -0.8963  -0.0899  -0.4795  -0.0565  10.2863   0.0774   0.0663  -0.1877   0.0375  20.7411  -0.0353   7.1578   0.1548   0.2225  -0.1166   0.1135   0.3570 -10.9200   0.0103   8.9125  -0.0829   0.0861   0.0444   0.0085  -3.552089
37     -0.1127   0.1025   0.0245   0.1252  92.2337   0.6025   0.2995  31.6250 586.5250   0.1898 374.7500  21.4725   1.1033  -0.0949   0.0229   0.2419   0.0243  -0.0495  -0.4552   0.1125  -2.7515  -0.0321  10.7537   0.0901   0.0865  -0.1363   0.0777  12.5451  -0.0573   8.2618   0.0668   0.2035  -0.1567   0.1755   0.3730   2.6160   0.0205  10.8925  -0.0206   0.0894  -0.0059   0.0225  -15.502562
38     -0.0508   0.2825   0.0143   0.1621  90.8613   0.6225   0.2659  49.3250 219.0250   0.1943 275.7500 -13.5575   1.1797  -0.1119   0.0073   0.2534  -0.1123   0.0155  -0.7928  -0.1493  10.2415  -0.0415   5.9963   0.0234   0.1469  -0.1737   0.1065  20.5363  -0.0517   5.3637   0.0804   0.1715  -0.1661   0.1785   0.4210  -6.3120   0.0098  13.5025  -0.0769   0.0069   0.0144   0.1125  -18.005026
39     -0.0413  -0.0525   0.0023   0.1628  93.6062   0.9875   0.1000  35.9750 255.7750   0.1733 451.2500  10.7375   0.7803  -0.0779   0.1633   0.2062   0.1203   0.0865  -0.9908   0.0465   0.8695  -0.0375   7.0413   0.0031   0.0702  -0.1647   0.0045  16.3017  -0.0657   4.0528   0.1252   0.1825  -0.1280   0.0635   0.4950  -7.7520   0.0287  10.4875  -0.0214   0.1042  -0.0569   0.0765  -3.334064
40     -0.1379   0.3425   0.0381   0.1502  90.3213   0.7725   0.2386  29.5250 192.0750   0.1447 206.7500 -20.9025   1.5707   0.0045   0.1035   0.2614  -0.0688   0.0495  -0.9053  -0.2769  -0.1245  -0.0517   6.3812   0.0661   0.1404  -0.1252   0.0849  18.9654  -0.0471   2.3967   0.0724   0.2765  -0.1220   0.0045   0.1350   3.8640   0.0107   7.1125  -0.0319   0.0712   0.0196   0.1045  -3.400086
41     -0.0214   0.0225   0.0277   0.1201  92.1888   0.5175   0.1231  27.4250 493.4250   0.1902 343.2500 -44.0675   0.5677  -0.1196  -0.0421   0.2798  -0.0988   0.0915  -1.0132  -0.1075   8.4665  -0.0387   9.6812   0.0429   0.0722  -0.1243   0.1179  15.2772  -0.0687   7.7442   0.1332   0.2235  -0.1933   0.1585   0.1730   3.5760   0.0079  11.6575  -0.0311   0.1015   0.0324   0.1025  -9.071112
42     -0.0098  -0.1925   0.0083   0.1675  93.8313   0.4725   0.1945  23.0750 339.0750   0.1408 230.7500 -28.2475   0.5932  -0.0099   0.0775   0.2821  -0.1528   0.0245  -0.5677  -0.0107   2.2895  -0.0579   8.7463   0.1344   0.1229  -0.1388   0.0093  21.0144  -0.0453   2.7418   0.0556   0.2585  -0.1067   0.1015   0.4670  -6.4080   0.0125  15.5275   0.0011   0.0162   0.0354   0.1375  -2.200254
43     -0.0728  -0.2725   0.0095   0.1429  90.9737   0.8125   0.2732  43.3250 165.1250   0.1503 466.2500  60.4575   1.6643  -0.0703   0.1399   0.1706   0.1262  -0.0675  -0.4417   0.0443  -2.9645  -0.0443   6.4637   0.0856   0.0631  -0.1758   0.0549   8.7887  -0.0601   3.0522   0.1292   0.1865  -0.1899   0.1735   0.1310 -12.1680   0.0010   7.1575  -0.0304   0.0327   0.0211   0.0195  -5.791393
44     -0.0014  -0.1675   0.0305   0.1606  91.2663   0.3275   0.2869  28.6250 123.4750   0.1402 485.7500  35.5975   1.7407  -0.0329   0.0047   0.2545   0.0542   0.0335  -0.6532  -0.1009   6.9755  -0.0555   9.6537   0.1276   0.1541  -0.1222   0.0321   9.5400  -0.0313   2.1897   0.0324   0.1905  -0.1592   0.0255   0.3170  -6.6960   0.0016  13.9975   0.0131   0.0443   0.0001   0.1295  -14.921161
45     -0.0329  -0.2175   0.0159   0.1292  93.9662   0.5025   0.2575  23.2250 324.3750   0.1708 307.2500 -38.4175   1.3922  -0.1128   0.3271   0.2281  -0.1138   0.0745  -0.3113  -0.1823   2.9285  -0.0431   7.7013   0.0579   0.1040  -0.1328   0.0165  18.4872  -0.0513   5.9158   0.0452   0.2555  -0.1468   0.0505   0.3050 -11.6880   0.0152   9.4075  -0.0664   0.0619  -0.0786   0.1765  -5.611753
46     -0.0938   0.3325   0.0205   0.1294  89.7588   0.5125   0.1556  29.2250 495.8750   0.1308 464.7500  54.2425   1.9447  -0.1145   0.3323   0.1867   0.0828   0.0585  -0.4823   0.0509   8.2535  -0.0445   9.9288   0.0961   0.1112  -0.1922   0.0543  13.9795  -0.0491   5.2948   0.0924   0.2915  -0.1290   0.1565   0.2430  -7.0800   0.0049   8.8225  -0.0274   0.0591  -0.0029   0.1555  -5.586563
47     -0.0781   0.0325   0.0167   0.1487  92.8187   0.1475   0.2260  35.2250 351.3250   0.1208 208.2500 -12.9925   0.8397   0.0445   0.1165   0.2212  -0.0777  -0.0195  -1.0223   0.0531   6.7625  -0.0451   9.3237   0.0811   0.0540  -0.1618   0.0429  11.7938  -0.0325   2.7073   0.0860   0.2865  -0.1715   0.1285   0.1070  -8.6160   0.0248   9.0025   0.0229   0.0470  -0.0749   0.0485  -3.510700
48      0.0049   0.1375   0.0005   0.1612  89.5563   0.9725   0.1525  29.0750 179.8250   0.1867 368.7500   2.2625   1.4518  -0.0584   0.0827   0.1901  -0.1198   0.0985  -0.4958  -0.0921   7.4725  -0.0275   8.1962   0.1329   0.0494  -0.1822   0.0507  10.4278  -0.0635   3.7078   0.1380   0.2735  -0.1800   0.1975   0.2150 -13.6080   0.0119  14.7625  -0.0581   0.0872  -0.0861   0.1945  -3.941040
49     -0.1033   0.1075   0.0337   0.1270  90.5238   0.1325   0.2207  37.4750 223.9250   0.1542 461.7500  62.7175   1.3412  -0.0907   0.2361   0.3442   0.0558  -0.0425  -1.0627  -0.2131   2.5735  -0.0317   8.5538   0.0669   0.1599  -0.1988   0.0537  15.9601  -0.0337   4.4668   0.1084   0.1085  -0.1701   0.0375   0.2090   4.1520   0.0083  10.3075   0.0094   0.1020   0.0309   0.0825  -7.063861
50     -0.0844   0.5225   0.0045   0.1567  91.8063   0.7425   0.2648  44.5250 405.2250   0.1752 355.2500  32.7725   1.0777   0.0215  -0.1435   0.3477  -0.0567   0.0265  -0.5452  -0.2241   7.2595  -0.0563  10.2587   0.0841   0.1346  -0.1937   0.0975   7.9690  -0.0349   7.6407   0.0180   0.1895  -0.1215   0.0115   0.4630   3.6720   0.0055   8.4175  -0.0724   0.0547  -0.0171   0.1955  -4.033861
51      0.0154   0.4025   0.0271   0.1288  93.2012   0.3975   0.2669  40.7750 348.8750   0.1338 292.2500 -23.1625   1.7747   0.0105   0.2777   0.2166  -0.1423   0.0305  -0.6173   0.1301   3.1415  -0.0399   7.6737   0.1231   0.1606  -0.1427   0.1125  10.6328  -0.0609   2.0173   0.0740   0.1465  -0.1354   0.1525   0.1450 -14.2800   0.0137   7.2475  -0.0049   0.0641  -0.0651   0.0505  -5.229945
52     -0.1106   0.0125   0.0017   0.1442  92.6387   0.7575   0.2239  46.7750 427.2750   0.1252 316.2500  -5.6475   0.4997  -0.0745  -0.1071   0.2775  -0.0523  -0.0125  -0.9007  -0.2461   5.4845  -0.0357  11.2487   0.0361   0.0858  -0.1037   0.0279  15.6869  -0.0527   5.0188   0.1108   0.1125  -0.1309   0.1275   0.2710 -12.2640   0.0050  14.8525  -0.0176   0.0740   0.0076   0.0835  -8.804999
53     -0.0875   0.3075   0.0323   0.1361  93.3812   0.0175   0.2396  49.6250 537.5250   0.1523 215.7500  40.1175   1.2138  -0.0762  -0.0941   0.1786   0.0768   0.0075  -0.6892   0.0157   7.8985  -0.0331   6.6563   0.0594   0.0709  -0.1807   0.0333  19.4435  -0.0641   7.7787   0.1324   0.1285  -0.1334   0.0275   0.3670  -6.7920   0.0131  12.1525  -0.0386   0.0168  -0.0479   0.0095  -20.484720
54     -0.0203  -0.2225   0.0285   0.1565  90.7937   0.2125   0.1084  40.1750 329.2750   0.1682 326.7500  29.3825   0.8652  -0.0558   0.3583   0.3879  -0.0402  -0.0525  -0.2842  -0.2615   2.7155  -0.0493   8.4438   0.0189   0.1190  -0.1208   0.0531  12.0670  -0.0407   4.5703   0.1316   0.1555  -0.1483   0.1685   0.2210 -10.5360   0.0092  14.8975  -0.0064   0.1026  -0.0711   0.1855  -2.860380
55     -0.0140   0.2125   0.0389   0.1757  93.3363   0.4025   0.1021  48.2750 268.0250   0.1273 470.7500  20.9075   1.8342   0.0394   0.2465   0.3339  -0.1692   0.0115  -0.7117   0.0201   2.3605  -0.0335  11.3587   0.1381   0.1164  -0.1552   0.0981  17.1213  -0.0441   3.5698   0.1236   0.2465  -0.1423   0.0415   0.3010 -13.4160   0.0004  13.9525  -0.0161   0.0096   0.0159   0.1895  -4.255781
56      0.0374   0.3225   0.0199   0.1585  92.2113   0.0825   0.1829  34.9250 304.7750   0.1427 236.7500 -33.8975   0.8313  -0.0337   0.0489   0.3925   0.0018  -0.0025  -0.2348   0.1323   3.2125  -0.0285   7.8938   0.0391   0.0936  -0.1023   0.1095  14.7308  -0.0511   4.3632   0.0916   0.2685  -0.1305   0.1005   0.2170  -8.5200   0.0095   8.8675  -0.0881   0.0333  -0.0509   0.0135  -5.359167
57      0.0500   0.4275   0.0357   0.1330  90.7262   0.4525   0.1787  30.5750 287.6250   0.1608 211.2500 -45.7625   1.3837   0.0453  -0.0967   0.3373   0.0272   0.0515  -1.0942  -0.2879  -2.2545  -0.0337  11.1112   0.1036   0.1014  -0.1233   0.0405  18.8971  -0.0595   2.2243   0.1116   0.1765  -0.1136   0.1035   0.1870  -4.5840   0.0280  12.5125   0.0176   0.0668   0.0451   0.1655  -7.942906
58     -0.1054   0.5125   0.0315   0.1666  93.0888   0.4925   0.1619  49.9250 130.8250   0.1142 229.2500   8.4775   0.8058  -0.0490   0.2049   0.2384  -0.0913   0.0455  -0.6622   0.0047   4.4195  -0.0243   8.4987   0.0241   0.0943  -0.1972   0.1167  14.5942  -0.0493   6.5712   0.0836   0.2335  -0.1478   0.0355   0.3790  -5.0640   0.0283  10.8025  -0.0559   0.0041   0.0414   0.1685  -3.579824
59     -0.0571  -0.1825   0.0283   0.1415  93.8088   0.6525   0.1168  37.3250 155.3250   0.1277 220.2500  37.2925   0.4658  -0.0269   0.0983   0.3580  -0.1542   0.0365  -0.3203  -0.0877  -0.8345  -0.0381   8.3888   0.0744   0.1274  -0.1018   0.1137  20.2631  -0.0697   8.6067   0.1140   0.1325  -0.1903   0.0855   0.4750 -10.2480   0.0038  15.7525  -0.0634   0.0844   0.0249   0.1935  -3.414063
60     -0.0382   0.3575   0.0139   0.1411  93.1113   0.7675   0.1367  29.8250 559.5750   0.1098 311.7500  44.6375   1.2307  -0.1187   0.0437   0.3396  -0.1618   0.0955  -0.9862  -0.1537   0.7275  -0.0491   9.8737   0.0766   0.1125  -0.1462   0.0189  12.8867  -0.0607   7.8822   0.1260   0.2135  -0.1562   0.1895   0.4330  -3.4320   0.0043  13.3225   0.0476   0.0091   0.0429   0.1985  -7.442760
61     -0.1075  -0.2675   0.0291   0.1357  91.9863   0.3125   0.2176  24.8750 544.8750   0.1743 283.2500 -16.9475   0.9503   0.0122   0.1685   0.1717   0.0918   0.0505  -0.2887  -0.0701   4.8455  -0.0269  10.8088   0.1044   0.0904  -0.1842   0.1017  18.0091  -0.0327   6.0192   0.0444   0.2995  -0.1943   0.0685   0.1170  -6.9840   0.0242   8.3725  -0.0094   0.0129   0.0331   0.1405  -3.150316
62     -0.0991   0.0425   0.0361   0.1726  91.0188   0.2225   0.2585  31.1750 160.2250   0.1283 398.7500 -10.7325   0.7972  -0.0677  -0.1175   0.3569   0.0662  -0.0735  -0.6398  -0.1933   4.3485  -0.0323   6.4088   0.1179   0.1320  -0.1338   0.0357  18.5555  -0.0505   4.0873   0.0852   0.2885  -0.1953   0.0925   0.3830  -2.3760   0.0298  10.3525   0.0484   0.0498  -0.0846   0.0155  -4.540008
63     -0.1012   0.2925   0.0227   0.1603  90.2538   0.2475   0.2071  31.7750 302.3250   0.1893 338.7500  19.2125   1.3668  -0.0533   0.3505   0.3304   0.0903   0.0445  -0.3877  -0.0833   5.0585  -0.0535   8.3612  -0.0074   0.1203  -0.1787   0.0177   9.0618  -0.0459   7.6062   0.0244   0.2485  -0.1171   0.1415   0.1230 -11.0160   0.0056  12.1075   0.0004   0.0179  -0.0276   0.0435  -3.712927
64     -0.1442  -0.2875   0.0329   0.1303  92.5713   0.4275   0.2186  40.6250 243.5250   0.1488 434.7500 -37.8525   1.5113  -0.0983   0.1555   0.3120   0.0047  -0.0385  -0.8332   0.0971   6.3365  -0.0245  11.1662   0.0354   0.1378  -0.1187   0.1041  17.0529  -0.0331   6.1918   0.0764   0.2125  -0.1691   0.1775   0.4610 -13.2240   0.0134  15.4375  -0.0731   0.0784   0.0054   0.0605  -2.148430
65     -0.0550   0.2375   0.0221   0.1619  91.7387   0.2775   0.1220  49.0250 226.3750   0.1692 371.7500   0.5675   1.5282  -0.0023   0.0619   0.2223   0.0198  -0.0285  -0.6488  -0.0723   8.8925  -0.0325   9.0212   0.1246   0.0637  -0.1887   0.1107  16.0968  -0.0489   3.9492   0.0604   0.2905  -0.1344   0.0025   0.1090  -2.6640   0.0071   7.9675  -0.0326   0.0613   0.0166   0.0465  -4.504768
66      0.0290  -0.2375   0.0123   0.1697  93.4488   0.8625   0.1441  43.7750 118.5750   0.1883 284.7500  -8.4725   0.8823   0.0011   0.0307   0.2177   0.1142  -0.0355  -1.0762   0.0883   2.6445  -0.0343   7.2337   0.0421   0.0969  -0.1417   0.0933  15.8919  -0.0385   3.6732   0.0436   0.2565  -0.1740   0.0185   0.2010  -1.2240   0.0029  11.9275  -0.0139   0.0932  -0.0456   0.0885  -6.736431
67      0.0080   0.3825   0.0147   0.1789  93.7862   0.4475   0.2165  43.6250 170.0250   0.1373 313.2500  48.5925   0.7462  -0.1162   0.1919   0.2292   0.0573   0.0035  -0.3607  -0.0327  -1.8285  -0.0441   9.9563   0.0474   0.0650  -0.1893   0.0447   8.9936  -0.0467   4.6392   0.1284   0.1275  -0.1082   0.0905   0.3510 -12.8400   0.0110  14.2225  -0.0124   0.0107  -0.0201   0.1365  -4.791910
68     -0.1432  -0.1475   0.0209   0.1538  90.7712   0.7625   0.1745  30.7250 174.9250   0.1628 209.7500 -23.7275   1.8937  -0.0057   0.2101   0.3557   0.0318  -0.0595  -1.1033  -0.2967   7.8275  -0.0427   9.4063  -0.0089   0.1567  -0.1538   0.0831  17.1896  -0.0683   8.0892   0.1132   0.2005  -0.1948   0.1075   0.4430  -8.7120   0.0019  14.4025  -0.0514   0.0404  -0.0096   0.1055  -4.413905
69     -0.0434   0.2725   0.0125   0.1594  91.1312   0.6475   0.0958  28.7750 579.1750   0.1328 458.7500 -46.8925   1.2732  -0.1068   0.3609   0.2718  -0.1377   0.0995  -0.5138  -0.1031  -2.8935  -0.0221   8.4712   0.1306   0.1619  -0.1723   0.0345  18.4190  -0.0317   4.2943   0.0092   0.2525  -0.1785   0.0885   0.3650  -7.4640   0.0179  13.2325   0.0529   0.0228  -0.0374   0.0455  -8.769516
70      0.0532  -0.2525   0.0259   0.1762  91.8288   0.2025   0.2816  32.3750 488.5250   0.1147 403.2500  20.3425   1.6727  -0.0388   0.0541   0.2810   0.0843  -0.0275  -0.8558   0.0817   2.0055  -0.0393   7.2888   0.0924   0.1235  -0.1227   0.0471   9.4717  -0.0319   5.8123   0.0708   0.1295  -0.1884   0.1825   0.1690   1.5600   0.0161  10.7125   0.0566   0.0465  -0.0329   0.0515  -6.374244
71      0.0059   0.1225   0.0149   0.1673  91.4463   0.3025   0.1052  22.6250 184.7250   0.1947 431.7500 -11.2975   1.0862  -0.0898   0.0801   0.3362   0.0122  -0.0645  -0.6308  -0.0811   4.2775  -0.0573   8.0313   0.0466   0.1144  -0.1593   0.1005  13.8428  -0.0523   8.7448   0.0276   0.1525  -0.1250   0.1435   0.3250 -11.4000   0.0149  10.5775   0.0386   0.0481   0.0391   0.1325  -5.535273
72     -0.1190   0.1525   0.0299   0.1670  93.2688   0.2325   0.1031  36.8750 539.9750   0.1493 278.7500  14.6925   0.4317  -0.0839   0.1061   0.3132   0.0587   0.0685  -0.3248  -0.0283   8.6085  -0.0309   7.2063   0.1254   0.0683  -0.1643   0.0495  18.0774  -0.0521   5.0532   0.0980   0.1195  -0.1186   0.1835   0.3350  -8.8080   0.0299   7.0225   0.0184   0.0690  -0.0884   0.1625  -3.757034
73     -0.1253   0.6825   0.0261   0.1711  92.0987   0.1375   0.2354  20.6750 172.4750   0.1417 367.2500 -42.3725   1.9957   0.0292   0.2881   0.3316  -0.1273  -0.0245  -0.6442  -0.0195  -2.0415  -0.0505   9.7913   0.1261   0.1482  -0.1933   0.0111  21.2192  -0.0335   5.2257   0.0236   0.1115  -0.1547   0.0945   0.2930 -13.7040   0.0037   9.8575  -0.0521   0.0762  -0.0464   0.0745  -4.966002
74     -0.0613   0.4625   0.0099   0.1352  92.7063   0.1125   0.2627  20.3750 530.1750   0.1748 289.2500   6.7825   0.6528  -0.0116  -0.0733   0.3143  -0.0358  -0.0825  -0.6758  -0.2945   3.7095  -0.0531   6.6838   0.0159   0.1417  -0.1778   0.0669  17.9408  -0.0311   8.4688   0.0316   0.2625  -0.1676   0.1505   0.2130 -11.1120   0.0017  13.1875  -0.0341   0.0767  -0.0224   0.1815  -3.078829
75      0.0122  -0.0275   0.0237   0.1505  91.6488   0.3675   0.1178  26.5250 446.8750   0.1107 322.2500  31.6425   1.5538  -0.0201   0.1269   0.3408   0.0752  -0.0375  -0.2393  -0.2549   1.0115  -0.0461   6.8762   0.0121   0.1333  -0.1968   0.0219  20.6728  -0.0449   3.6388   0.0956   0.1075  -0.1111   0.1985   0.3210  -0.2640   0.0223  10.0375   0.0079   0.0377  -0.0951   0.0475  -2.931875
76      0.0143   0.2425   0.0131   0.1498  93.2462   0.6675   0.1808  23.6750 454.2250   0.1198 437.7500  33.3375   1.0098   0.0190   0.1841   0.2971   0.0798  -0.0345  -0.8288  -0.0437   7.1175  -0.0547   6.8212  -0.0096   0.1411  -0.1147   0.1011  17.2579  -0.0585   2.4657   0.0284   0.2925  -0.1834   0.0965   0.2290  -7.2720   0.0254  15.3025   0.0364   0.0261  -0.0269   0.1595  -4.363528
77      0.0248  -0.0575   0.0327   0.1597  90.3438   0.7825   0.2323  31.0250 326.8250   0.1187 274.2500   6.2175   0.7207  -0.1077   0.1373   0.2269  -0.0432   0.0135  -0.2482  -0.1559  10.1705  -0.0401   6.9862   0.0631   0.1053  -0.1138   0.0639  11.3158  -0.0413   4.7428   0.0660   0.2165  -0.1705   0.1865   0.2690  -1.4160   0.0073  14.2675  -0.0544   0.1004  -0.0989   0.0575  -2.026621
78      0.0353   0.1575   0.0347   0.1333  90.0963   0.2575   0.2302  44.0750 510.5750   0.1673 223.2500  30.5125   0.5592   0.0258  -0.1357   0.3914  -0.0388  -0.0295  -1.0087  -0.0943   7.6855  -0.0513   8.8562   0.0511   0.0995  -0.1752   0.0267   9.9497  -0.0477   5.5363   0.0020   0.1185  -0.1027   0.0575   0.1530 -10.1520   0.0224  11.0725  -0.0356   0.0982  -0.0404   0.1705  -4.130299
79     -0.0119   0.2625   0.0141   0.1426  91.9413   0.6725   0.1703  21.2750 520.3750   0.1937 418.2500   4.5225   1.1882   0.0351  -0.1487   0.3684  -0.1032   0.0165  -0.4193  -0.1339   3.6385  -0.0439   6.1887   0.0451   0.1287  -0.1433   0.0339  14.9356  -0.0679   8.1927   0.0132   0.1635  -0.1037   0.1465   0.2550 -12.4560   0.0058   7.0675   0.0334   0.0201  -0.0074   0.1175  -8.249048
80     -0.0361  -0.1025   0.0295   0.1213  92.6612   0.6575   0.1871  22.4750 199.4250   0.1213 496.2500 -26.5525   1.1287  -0.0669   0.1607   0.2465   0.0632  -0.0785  -0.7163   0.0311   0.5855  -0.0561   8.0037  -0.0066   0.1424  -0.1768   0.0747  16.5065  -0.0549   4.3288   0.0148   0.1255  -0.1240   0.0895   0.3890   2.7120   0.0206  14.6275   0.0161   0.0399  -0.0584   0.1865  -4.100350
81      0.0017   0.4925   0.0223   0.1279  89.8262   0.6125   0.0979  23.5250 260.6750   0.1583 476.7500  11.8675   1.0948   0.0020  -0.0759   0.2511   0.1187   0.0025  -0.2977   0.0619   9.3185  -0.0253  10.0112   0.1239   0.1684  -0.1152   0.0873  10.8377  -0.0581   7.3647   0.1060   0.2515  -0.1859   0.1915   0.4870  -0.3600   0.0046  12.6025  -0.0566   0.0305  -0.0546   0.1915  -6.560248
82     -0.1085   0.3125   0.0397   0.1400  92.9762   0.0125   0.1819  47.9750 402.7750   0.1612 443.7500  14.1275   0.8992  -0.1102  -0.0083   0.3891   0.0602  -0.0705  -0.2618  -0.2637   7.9695  -0.0557   7.3987   0.0886   0.0754  -0.1817   0.0867  18.3507  -0.0663   8.6757   0.0988   0.2795  -0.1498   0.1905   0.4370  -7.3680   0.0212  13.0075  -0.0851   0.0960  -0.0831   0.1635  -18.997576
83     -0.1222   0.2225   0.0197   0.1616  89.7813   0.9025   0.1189  45.5750 388.0750   0.1357 473.7500 -20.3375   1.5963  -0.1094   0.3635   0.2994  -0.0957   0.0575  -0.2573   0.0905   2.8575  -0.0475   6.7387   0.0909   0.0410  -0.1702   0.0285  12.9550  -0.0603   3.1558   0.1052   0.2675  -0.1735   0.0765   0.2490 -11.3040   0.0067  11.0275   0.0274   0.0338  -0.0921   0.0385  -7.973169
84     -0.0056   0.6775   0.0107   0.1204  92.6162   0.3475   0.1294  26.3750 319.4750   0.1468 415.2500   2.8275   1.9703  -0.0465   0.3479   0.2568   0.0422   0.0435  -0.5993   0.0245   9.1055  -0.0429   6.1062   0.0864   0.1593  -0.1998   0.0129   8.1056  -0.0689   6.2952   0.1188   0.1705  -0.1839   0.1615   0.3090  -2.5680   0.0214  13.7725   0.0356   0.0146  -0.0794   0.0495  -7.189064
85     -0.0634  -0.0375   0.0087   0.1324  91.8962   0.0525   0.2060  30.2750 478.7250   0.1452 425.7500  49.1575   0.7887  -0.0108   0.3167   0.2051   0.0302  -0.0445  -1.0313  -0.0371   9.8865  -0.0411   8.0863   0.0931   0.0481  -0.1782   0.0861  14.3210  -0.0667   7.3302   0.1396   0.2325  -0.1993   0.0735   0.2270  -9.5760   0.0115   8.5525   0.0439   0.0283  -0.0629   0.1825  -5.081903
86     -0.1148   0.0475   0.0177   0.1742  92.3238   0.8025   0.2827  31.4750 366.0250   0.1088 308.7500  38.4225   1.7493   0.0470   0.0567   0.2649  -0.1258   0.0225  -0.3383  -0.0173   0.5145  -0.0503   7.8387   0.0309   0.1001  -0.1297   0.0783  10.7010  -0.0645   7.5373   0.1516   0.1655  -0.1869   0.0795   0.4810  -4.4880   0.0022  14.9425   0.0019   0.0063  -0.0081   0.0115  -10.187459
87     -0.0287  -0.1075   0.0069   0.1556  90.6137   0.4975   0.0937  29.3750 209.2250   0.1957 271.2500 -35.0275   1.1458  -0.0431   0.2075   0.2074  -0.1018   0.0655  -0.5002  -0.2087  10.7385  -0.0261   8.2238   0.0204   0.1359  -0.1347   0.0225  12.4769  -0.0499   7.3993   0.0428   0.2715  -0.1775   0.0725   0.3150  -9.8640   0.0160  10.3975  -0.0199   0.0140  -0.0869   0.0905  -6.189706
88     -0.0886  -0.0025   0.0081   0.1379  91.2887   0.9675   0.2344  47.2250 532.6250   0.1093 452.7500  -1.1275   1.8088  -0.0082   0.2751   0.3488   0.0213   0.0725  -0.9728  -0.0481  10.8805  -0.0437   6.0788   0.0009   0.1021  -0.1042   0.0879   8.3105  -0.0685   7.0542   0.0788   0.1565  -0.1428   0.1335   0.3850   3.9600   0.0101   8.6425  -0.0536   0.0569  -0.0524   0.1205  -3.963828
89     -0.0403  -0.1325   0.0185   0.1690  90.3662   0.4225   0.1777  43.0250 221.4750   0.1103 293.7500  -6.2125   0.9247  -0.0966   0.1321   0.2327  -0.0477   0.0775  -0.3067  -0.1273   5.6265  -0.0293  10.1213   0.1299   0.0884  -0.1727   0.0771  10.2229  -0.0401   6.1227   0.0396   0.2745  -0.1889   0.1205   0.2250 -14.1840   0.0118  13.1425  -0.0251   0.0657  -0.0906   0.1745  -2.226879
90     -0.0130  -0.1875   0.0155   0.1588  89.9837   0.6325   0.1273  35.6750 346.4250   0.1517 356.7500   3.3925   0.9927  -0.0244   0.2829   0.1798   0.0347  -0.0015  -0.6712   0.0949  10.6675  -0.0481  10.6987   0.0181   0.0436  -0.1412   0.0423  20.8095  -0.0693   5.1568   0.1044   0.1435  -0.1577   0.0865   0.1570 -12.5520   0.0275   9.7225  -0.0679   0.0921  -0.0801   0.1785  -5.548689
91      0.0364   0.4325   0.0033   0.1465  93.2237   0.9925   0.1126  25.7750 468.9250   0.1877 383.7500 -19.7725   1.8427  -0.0091   0.0931   0.2338  -0.1663   0.0375  -0.5947   0.1059   4.1355  -0.0303   9.4888   0.0331   0.1034  -0.1883   0.0675  19.6483  -0.0495   6.9507   0.1460   0.2065  -0.1072   0.0985   0.3690  -3.0480   0.0011   8.7775  -0.0401   0.0250  -0.0014   0.0665  -5.222498
92      0.0458   0.6625   0.0153   0.1364  93.1563   0.6175   0.1714  38.3750 591.4250   0.1163 233.7500 -32.2025   0.4913  -0.0618   0.0333   0.2005  -0.0582   0.0545  -0.5587  -0.2373   5.3425  -0.0501   8.5813   0.1021   0.1047  -0.1408   0.0915  13.7746  -0.0321   8.1237   0.0404   0.2825  -0.1606   0.1925   0.4290 -14.7600   0.0026  12.2875  -0.0799   0.0157  -0.0306   0.1005  -7.052858
93     -0.0739  -0.1125   0.0041   0.1240  91.3337   0.0075   0.1724  36.7250 317.0250   0.1567 247.2500 -10.1675   0.6783  -0.0354   0.2309   0.1763   0.1157  -0.0435  -0.4283   0.1015  -2.6805  -0.0265   6.3263   0.0144   0.1463  -0.1123   0.0477  11.3841  -0.0437   5.4328   0.0636   0.1855  -0.1255   0.0065   0.2750  -9.1920   0.0266   7.3825   0.0416   0.0789   0.0084   0.1245  -7.159222
94     -0.0760   0.3275   0.0031   0.1738  90.7038   0.9375   0.1262  48.1250 204.3250   0.1007 373.2500 -37.2875   1.9618  -0.0346   0.0281   0.2350  -0.0822  -0.0535  -0.2438  -0.1097   8.6795  -0.0341   7.3162   0.0534   0.1437  -0.1573   0.0249  15.0040  -0.0439   7.9513   0.1412   0.2365  -0.1151   0.1185   0.2890   1.9440   0.0001  11.1625  -0.0574   0.0927   0.0091   0.0785  -9.617450
95      0.0322  -0.0625   0.0297   0.1438  90.1637   0.4425   0.1210  25.6250 549.7750   0.1593 472.2500 -18.6425   0.6442  -0.0847  -0.0057   0.2982   0.0527  -0.0765  -0.7523  -0.1229   1.6505  -0.0587  10.5337   0.0834   0.0780  -0.1312   0.0039  11.4523  -0.0475   4.8117   0.1484   0.1575  -0.1399   0.1715   0.3030 -14.4720   0.0053   8.4625  -0.0469   0.0888  -0.0351   0.0305  -7.385948
96     -0.0476  -0.0075   0.0359   0.1312  90.9962   0.2625   0.1462  26.0750 557.1250   0.1343 386.7500  17.5175   1.9787  -0.0737  -0.1123   0.2373  -0.1602  -0.0035  -1.0538  -0.2857  11.0225  -0.0329   9.4338   0.0151   0.1612  -0.1063   0.0123  13.2964  -0.0503   4.7772   0.0540   0.1015  -0.1394   0.0405   0.2050   1.8480   0.0193  11.5225  -0.0611   0.0899  -0.0141   0.1235  -2.633173
97      0.0133  -0.2625   0.0071   0.1208  91.5137   0.8775   0.2270  29.6750 214.1250   0.1618 469.2500 -38.9825   0.6273   0.0249   0.3115   0.2499  -0.0897   0.0835  -0.6037  -0.0041   7.5435  -0.0333   8.3062   0.0991   0.0696  -0.1177   0.0717   9.7449  -0.0455   3.0178   0.0212   0.1375  -0.1453   0.0135   0.4030 -14.5680   0.0208   9.5875  -0.0019   0.0195   0.0241   0.0655  -5.516596
98      0.0259   0.1625   0.0173   0.1547  90.9287   0.7525   0.1241  34.1750 444.4250   0.1762 490.2500 -33.3325   1.4857   0.0096   0.1789   0.2557  -0.1587   0.0565  -0.9367  -0.0547   2.4315  -0.0457   6.1613   0.0804   0.1515  -0.1762   0.0411   9.1301  -0.0365   5.6743   0.1204   0.2075  -0.1116   0.0435   0.2730  -7.1760   0.0005  11.2975  -0.0011   0.0355  -0.0719   0.0295  -6.294798
99     -0.0917   0.0925   0.0235   0.1570  93.3587   0.3925   0.1640  39.7250 341.5250   0.1577 421.2500 -30.5075   0.5508  -0.0975   0.1009   0.3005   0.0093   0.0765  -0.4148   0.0927  -1.6865  -0.0537   9.1038   0.0061   0.0982  -0.1032   0.0693  16.8481  -0.0533   2.1553   0.1228   0.1345  -0.1443   0.0475   0.3590  -6.5040   0.0218   9.2725   0.0169   0.0822   0.0376   0.0325  -3.665358
100     0.0332   0.6975   0.0135   0.1417  92.6837   0.4675   0.1073  43.4750 461.5750   0.1717 457.2500  46.3325   1.4688  -0.0890  -0.0993   0.2890   0.0063   0.0045  -0.6802   0.1389   2.9995  -0.0597   8.6088   0.1269   0.1365  -0.1248   0.1191  17.4627  -0.0627   7.2613   0.1172   0.1475  -0.1537   0.0455   0.1970  -0.9360   0.0226   9.9025  -0.0079   0.0652  -0.0779   0.0955  -4.949745
101    -0.1169   0.1125   0.0379   0.1661  90.8388   0.0325   0.1567  47.6750 434.6250   0.1552 479.7500  19.7775   0.9333  -0.0167   0.3401   0.2154  -0.0613  -0.0045  -0.2212  -0.1053   8.7505  -0.0267  10.3687   0.1089   0.1476  -0.1612   0.0087  14.1160  -0.0653   2.8798   0.0036   0.1875  -0.1408   0.1535   0.2850  -1.3200   0.0244   7.6075  -0.0709   0.0624   0.0466   0.0685  -5.403011
102    -0.0949   0.5775   0.0265   0.1646  90.2087   0.8275   0.1094  48.4250 576.7250   0.1723 319.2500  48.0275   0.7548  -0.0830  -0.0811   0.3178  -0.0538  -0.0695  -0.3517   0.0663   3.9935  -0.0465  10.9187   0.0549   0.1131  -0.1488   0.0159  12.2719  -0.0315   6.6058   0.0684   0.1775  -0.1047   0.1595   0.1630  -5.9280   0.0235  15.9775   0.0251   0.0239  -0.0396   0.0805  -4.894367
103    -0.1180   0.5375   0.0163   0.1793  92.0762   0.8225   0.1063  21.7250 196.9750   0.1053 214.2500  53.1125   0.8907  -0.0609   0.1997   0.1821   0.0512  -0.0255  -0.6848  -0.1449   7.4015  -0.0389  10.6712   0.1051   0.1118  -0.1443   0.0135  19.3752  -0.0659   6.8818   0.1068   0.1315  -0.1458   0.0385   0.1670   0.6000   0.0182  11.1175  -0.0371   0.0058  -0.0366   0.1355  -5.379122
104    -0.0371   0.6875   0.0057   0.1525  93.7412   0.5675   0.2050  21.1250 309.6750   0.1203 335.7500  33.9025   0.9078   0.0411  -0.0681   0.2108  -0.1678   0.0185  -0.2797   0.0575  10.4545  -0.0447   8.6362   0.1321   0.0813  -0.1688   0.0759   9.3350  -0.0619   4.2252   0.1436   0.1035  -0.1963   0.0935   0.2070 -10.0560   0.0143  12.3325   0.0289   0.0586   0.0114   0.1425  -4.083746
105    -0.1421  -0.2075   0.0063   0.1397  93.2913   0.9475   0.1798  24.1250 395.4250   0.1688 340.2500  42.9425   0.7122   0.0360  -0.0109   0.1855  -0.1647   0.0215  -0.5543  -0.2791  -2.6095  -0.0487  11.3038   0.1074   0.1092  -0.1908   0.0489  11.9987  -0.0405   8.7102   0.1452   0.1625  -0.1201   0.1145   0.1150   2.4240   0.0187   8.7325   0.0124   0.0113  -0.0449   0.0445  -3.288508
106    -0.0896   0.1875   0.0061   0.1231  93.9887   0.5525   0.2459  41.5250 535.0750   0.1063 446.7500  57.6325   0.6357  -0.0473   0.0723   0.2833   0.1293  -0.0175  -1.0718   0.0751   4.5615  -0.0319   8.7738   0.0969   0.0618  -0.1867   0.0957  21.1509  -0.0435   8.4342   0.0124   0.2495  -0.1107   0.0695   0.1610  -0.1680   0.0265  13.5475  -0.0056   0.0580  -0.0441   0.0925  -9.773554
107    -0.0581  -0.0425   0.0345   0.1370  90.7487   0.3225   0.2774  25.3250 547.3250   0.1173 362.7500  -5.0825   1.8173  -0.0040  -0.0707   0.1740   0.1128   0.0615  -0.3742  -0.0393   1.3665  -0.0397   7.6462   0.0609   0.1294  -0.1157   0.0327  19.9216  -0.0395   2.6037   0.1124   0.2945  -0.1656   0.1235   0.3870  -9.6720   0.0100   7.7425  -0.0889   0.0421   0.0384   0.1455  -5.017838
108     0.0427   0.3025   0.0129   0.1217  90.6363   0.5825   0.1966  24.7250 167.5750   0.1177 295.2500  45.2025   0.4827  -0.0643  -0.1019   0.2844   0.0137  -0.0475  -0.7567  -0.0085   0.0175  -0.0549   9.1312   0.0781   0.0975  -0.1963   0.0825   8.7204  -0.0425   2.3623   0.0364   0.1665  -0.1349   0.0105   0.3430   0.5040   0.0082   9.6325   0.0296   0.1070   0.0009   0.0015  -5.496961
109    -0.0350   0.5025   0.0015   0.1453  90.5013   0.2725   0.2008  20.9750 189.6250   0.1268 269.7500 -45.1975   0.3553  -0.0550  -0.0187   0.2591  -0.0642  -0.0555  -0.6982   0.0839   8.1115  -0.0477   7.1788   0.1396   0.0442  -0.1377   0.1101  10.7694  -0.0677   7.9858   0.1076   0.2055  -0.1156   0.0485   0.1790  -9.4800   0.0065   9.6775   0.0521   0.0663  -0.0179   0.1505  -6.486923
110    -0.1400   0.4375   0.0021   0.1435  89.6462   0.9325   0.0916  20.2250 432.1750   0.1117 407.7500 -49.7175   0.4403   0.0317  -0.1253   0.1729  -0.0162  -0.0625  -0.9323   0.1103   7.7565  -0.0571  11.2762  -0.0021   0.0741  -0.1848   0.0201  15.0723  -0.0531   2.2933   0.1100   0.1025  -0.1824   0.0955   0.2470  -5.6400   0.0176  11.7475   0.0514   0.0019   0.0189   0.0235  -9.820830
111     0.0479  -0.0225   0.0355   0.1637  90.1188   0.1275   0.2711  43.9250 566.9250   0.1392 242.7500  61.0225   1.8852  -0.0992  -0.0889   0.3224  -0.0313   0.0345  -0.4733  -0.1977   1.2955  -0.0511   7.6188   0.0406   0.0793  -0.1863   0.1197  13.7063  -0.0445   4.9152   0.0260   0.2705  -0.1730   0.0975   0.4310  -5.8320   0.0194  10.9375  -0.0701   0.0674   0.0474   0.0815  -4.748201
112    -0.1264   0.0775   0.0119   0.1456  92.2787   0.0925   0.2218  46.4750 505.6750   0.1168 358.2500 -25.4225   0.9588   0.0088  -0.0629   0.3799   0.0723   0.0625  -0.6578  -0.1603   1.8635  -0.0595   9.8462   0.0616   0.1508  -0.1082   0.0885  11.2474  -0.0463   5.4672   0.1564   0.2535  -0.1913   0.1155   0.4470  -2.8560   0.0278   8.3275  -0.0844   0.0734   0.0421   0.0345  -4.157121
113     0.0038   0.5075   0.0075   0.1444  92.3688   0.2975   0.0926  38.8250 593.8750   0.1813 251.7500 -29.9425   1.7322  -0.1017   0.1763   0.3155  -0.1573   0.0675  -0.8917  -0.2197   4.2065  -0.0483  10.0662   0.0571   0.1443  -0.1128   0.0291  11.7255  -0.0671   2.5347   0.0068   0.2835  -0.1384   0.0555   0.4070 -11.9760   0.0020   7.2025  -0.0866   0.0877   0.0369   0.1665  -6.263344
114    -0.1358   0.4725   0.0387   0.1297  90.8838   0.4125   0.2438  36.1250 437.0750   0.1953 347.7500 -27.6825   1.2563   0.0113   0.2231   0.3017  -0.0207  -0.0145  -0.4507  -0.2505   8.1825  -0.0497  11.0012   0.0384   0.1547  -0.1663   0.0207   8.4472  -0.0409   7.1233   0.0012   0.2315  -0.1819   0.1625   0.1990  -9.9600   0.0184  15.2125  -0.0694   0.0954  -0.0809   0.1995  -4.526076
115     0.0269   0.5475   0.0365   0.1520  92.5263   0.7075   0.2501  32.5250 290.0750   0.1622 391.2500  18.0825   0.9758  -0.0405   0.1971   0.3281   0.0617  -0.0235  -0.7883   0.0377   3.4255  -0.0361  10.5887   0.0871   0.0585  -0.1468   0.0687   7.7642  -0.0695   7.9167   0.0116   0.1135  -0.1641   0.0845   0.4530  -2.7600   0.0088  13.8175  -0.0394   0.0102  -0.0036   0.1515  -3.331383
116    -0.1390   0.0175   0.0215   0.1382  89.8938   0.8725   0.2974  22.3250 194.5250   0.1908 481.2500 -43.5025   0.3128  -0.0065   0.1139   0.2258   0.0948  -0.0885  -0.2122   0.1147   9.3895  -0.0373   6.5462  -0.0006   0.1157  -0.1472   0.1035  17.3262  -0.0309   3.9838   0.1428   0.2245  -0.1012   0.1295   0.2410  -6.2160   0.0268   7.7875  -0.0671   0.0272   0.0151   0.0275  -3.505188
117     0.0175  -0.1275   0.0395   0.1630  92.9538   0.8325   0.2890  46.6250 121.0250   0.1433 331.2500 -24.8575   1.7068   0.0266   0.3661   0.3534   0.0857   0.0705  -0.4238  -0.2703   8.3245  -0.0207   9.1587   0.0714   0.1690  -0.1277   0.0735  18.7605  -0.0611   2.0517   0.0876   0.2505  -0.1998   0.0095   0.4090  -9.3840   0.0163  12.1975   0.0431   0.0393  -0.0914   0.1445  -4.987711
118    -0.1243   0.5525   0.0303   0.1715  92.3463   0.2525   0.2722  47.0750 483.6250   0.1982 433.2500 -35.5925   1.3498   0.0181  -0.0837   0.2787  -0.1002  -0.0815  -0.9548  -0.2329   9.6735  -0.0453  11.0837  -0.0029   0.1489  -0.1653   0.0555  10.0181  -0.0625   3.7768   0.0140   0.2545  -0.1295   0.1345   0.4250  -1.5120   0.0064  11.2525  -0.0154   0.0036  -0.0824   0.1535  -3.974120
119    -0.0623   0.2275   0.0047   0.1592  93.8988   0.4325   0.1504  47.5250 373.3750   0.1778 475.2500  57.0675   1.2988   0.0037   0.3349   0.2867   0.0648  -0.0515  -0.8827  -0.1779  -1.8995  -0.0489   9.9837   0.1359   0.0689  -0.1112   0.0969  15.5504  -0.0571   3.1212   0.1340   0.1605  -0.1329   0.1265   0.4270  -6.8880   0.0238   7.8325   0.0491   0.0366  -0.0126   0.0705  -5.786959
120    -0.1474   0.4875   0.0333   0.1684  89.8037   0.5075   0.2155  20.5250 459.1250   0.1772 416.7500  37.8575   1.6983  -0.0626   0.1087   0.3592  -0.0882  -0.0455  -0.5903   0.0113  -1.7575  -0.0407   7.3438   0.0084   0.0728  -0.1982   0.1119  13.6379  -0.0421   2.9142   0.0468   0.2105  -0.1522   0.0195   0.1050 -13.1280   0.0169  15.6625  -0.0784   0.0575  -0.0486   0.0395  -5.089367
121    -0.1285   0.4475   0.0091   0.1375  91.8737   0.7475   0.1672  42.2750 466.4750   0.1852 422.7500   7.9125   1.1712  -0.0133   0.2335   0.3649   0.0707  -0.0085  -0.9952  -0.2351   2.2185  -0.0215   7.7838   0.1059   0.0910  -0.1513   0.0081  20.1947  -0.0391   6.1572   0.0932   0.1845  -0.1874   0.0445   0.1490  -0.7440   0.0077  14.5375   0.0086   0.0773  -0.0554   0.1675  -4.274622
122     0.0563   0.3525   0.0373   0.1579  90.0287   0.8375   0.2113  26.2250 527.7250   0.1318 445.2500 -25.9875   1.8767  -0.0524   0.1737   0.3258  -0.0103   0.0285  -0.7387   0.0773   0.2305  -0.0405   8.8837   0.0646   0.0475  -0.1632   0.0309  10.9742  -0.0699   8.1582   0.1556   0.1965  -0.1300   0.1045   0.2190  -7.8480   0.0259   8.5075   0.0536   0.0492   0.0204   0.0215  -4.889454
123     0.0595   0.4525   0.0331   0.1775  90.6813   0.4075   0.1010  40.9250 569.3750   0.1303 227.7500  62.1525   0.9672  -0.0601   0.0879   0.2131  -0.0448   0.0325  -0.2167   0.1191   2.1475  -0.0591   7.2613   0.0639   0.0449  -0.1813   0.0057  11.5890  -0.0559   6.3987   0.0084   0.2775  -0.1102   0.1125   0.4770  -3.8160   0.0113  15.7075   0.0056   0.0245  -0.0381   0.1495  -5.471782
124    -0.1306   0.3875   0.0003   0.1766  93.8538   0.2175   0.1315  35.5250 145.5250   0.1472 259.2500  40.6825   1.0182  -0.0541   0.3011   0.2361  -0.0237   0.0735  -0.7837  -0.2439   9.8155  -0.0255   8.9113   0.1374   0.0923  -0.1002   0.0003  12.6818  -0.0551   3.2248   0.1364   0.2395  -0.1646   0.0565   0.4590  -3.6240   0.0074  15.3475   0.0101   0.1086   0.0489   0.0965  -4.653329
125    -0.0161   0.6675   0.0019   0.1283  91.9187   0.5425   0.2144  24.5750 321.9250   0.1548 281.7500 -14.6875   0.6018  -0.0652   0.3557   0.1809  -0.1408  -0.0095  -0.5092   0.0421  -0.2665  -0.0559   8.9388   0.0489   0.0520  -0.1482   0.0465  18.6238  -0.0501   4.6737   0.1572   0.1355  -0.1507   0.1945   0.4190 -13.8960   0.0274   9.9475   0.0304   0.0311  -0.0816   0.0695  -7.105442
126    -0.0151  -0.1175   0.0195   0.1558  91.1087   0.9225   0.1546  37.1750 368.4750   0.1322 370.2500 -31.6375   1.0608   0.0232   0.3453   0.2430  -0.0043   0.0945  -0.2257  -0.0657   9.2475  -0.0467  10.5062   0.0586   0.0917  -0.1497   0.0801   8.3788  -0.0593   2.5693   0.0644   0.2185  -0.1339   0.1425   0.3330 -12.3600   0.0130  15.1675  -0.0776   0.1053  -0.0539   0.1315  -6.246121
127    -0.0518   0.6575   0.0043   0.1484  91.4688   0.5325   0.2932  49.7750 451.7750   0.1563 352.2500 -31.0725   1.9277  -0.0507   0.2621   0.3546  -0.0223  -0.0955  -1.0267  -0.1955  10.5255  -0.0241   6.2162   0.0039   0.1138  -0.1213   0.0813  11.1791  -0.0631   4.4323   0.1404   0.1175  -0.1725   0.1705   0.1390 -14.6640   0.0085  10.7575   0.0236   0.0558   0.0219   0.1265  -4.217054
128    -0.0340   0.3775   0.0363   0.1402  93.9212   0.8575   0.1766  37.6250 515.4750   0.1032 263.7500  61.5875   0.3212  -0.0575   0.0359   0.2039  -0.0927   0.0405  -1.0673  -0.0855  -1.5445  -0.0553   8.8287  -0.0081   0.1222  -0.1928   0.0243  18.1458  -0.0579   6.2607   0.0172   0.2305  -0.1611   0.0755   0.2530  -9.2880   0.0154   8.5975  -0.0296   0.0795  -0.0974   0.1345  -11.509772
129    -0.1316  -0.2775   0.0375   0.1460  91.5813   0.5925   0.2554  48.5750 361.1250   0.1597 248.7500 -41.2425   1.7832  -0.0210  -0.0395   0.3166   0.0468  -0.0665  -0.4058  -0.0305   0.7985  -0.0327   8.4163   0.0054   0.0787  -0.1918   0.1143  19.7167  -0.0605   3.8112   0.0524   0.1445  -0.1493   0.1515   0.4150  -0.6480   0.0158  12.9175  -0.0716   0.0382  -0.0644   0.0365  -6.466660
130    -0.0298   0.5675   0.0175   0.1679  93.0437   0.9825   0.2795  46.1750 250.8750   0.1632 245.7500  27.6875   0.5422  -0.0686   0.1451   0.2683   0.0377  -0.0215  -0.7072  -0.1691   9.6025  -0.0471   9.6263   0.1006   0.0605  -0.1192   0.0891  16.9846  -0.0469   5.8812   0.0964   0.2655  -0.1582   0.1605   0.4730  -5.1600   0.0241   8.6875  -0.0221   0.0679  -0.0674   0.0895  -4.188086
131    -0.1327   0.6725   0.0399   0.1735  89.7138   0.0675   0.2522  33.8750 571.8250   0.1133 385.2500 -40.1125   1.4603  -0.0635   0.3427   0.3948  -0.0417   0.0555  -0.7028  -0.0745  -2.8225  -0.0201  11.0562   0.0106   0.1255  -0.1597   0.0033  14.0478  -0.0615   5.1223   0.0492   0.1365  -0.1176   0.1115   0.1370   0.7920   0.0175  10.6675  -0.0004   0.0360  -0.0104   0.1735  -3.468299
132    -0.0077   0.5625   0.0281   0.1433  89.9388   0.5775   0.1514  38.9750 464.0250   0.1072 376.2500   3.9575   1.9193  -0.0303   0.1243   0.1959  -0.0868  -0.0855  -0.7253  -0.2659  -2.5385  -0.0533   9.2413   0.0984   0.0767  -0.1678   0.1029  19.8533  -0.0399   6.4678   0.0596   0.1215  -0.1666   0.1645   0.4850   3.0000   0.0221  15.5725   0.0266   0.1009   0.0361   0.1485  -3.605862
133    -0.0959  -0.0975   0.0321   0.1328  90.2988   0.0225   0.1105  45.1250 206.7750   0.1758 268.2500 -22.5975   0.3043  -0.0822  -0.0785   0.3822   0.1023   0.0355  -0.2303  -0.1735  -0.1955  -0.0359   6.8488   0.0219   0.0533  -0.1563   0.0897  17.8043  -0.0673   4.6048   0.0892   0.1065  -0.1557   0.1795   0.3130   0.0240   0.0236  11.8825  -0.0101   0.0426   0.0069   0.0555  -12.850171
134    -0.1495  -0.2025   0.0029   0.1276  90.1413   0.5225   0.2291  20.8250 358.6750   0.1928 361.2500  -9.6025   0.8568  -0.0439  -0.1305   0.3051   0.1173  -0.0395  -0.6938  -0.1251  -1.4735  -0.0599   6.2712   0.0091   0.1372  -0.1628   0.0603  15.7552  -0.0465   2.0863   0.1148   0.2635  -0.1621   0.0835   0.2510 -14.9520   0.0007  11.7025  -0.0454   0.0998   0.0234   0.0525  -6.913889
135    -0.0980   0.4175   0.0393   0.1249  91.7838   0.1875   0.2123  38.0750 211.6750   0.1423 239.7500 -39.5475   1.0013  -0.0414   0.3037   0.3350  -0.1243  -0.0005  -0.3832  -0.0261   1.1535  -0.0347  10.1487   0.0556   0.0624  -0.1478   0.0963   8.6521  -0.0681   4.8808   0.1308   0.1095  -0.1057   0.1315   0.4550 -11.5920   0.0146  12.8275   0.0191   0.0833  -0.0321   0.0105  -5.257554
136    -0.0245  -0.2425   0.0293   0.1247  91.0413   0.2675   0.2606  26.8250 424.8250   0.1507 482.7500   1.1325   1.2478  -0.0924   0.0177   0.3971  -0.1363   0.0475  -0.5272  -0.2835  -0.5505  -0.0351   6.7663   0.0976   0.1216  -0.1198   0.0705  18.2824  -0.0553   2.6383   0.0164   0.2175  -0.1463   0.0465   0.2770  -8.2320   0.0286  14.3575  -0.0619   0.0938   0.0016   0.1755  -10.613625
137     0.0584   0.5275   0.0311   0.1220  91.0638   0.7225   0.1850  29.9750 356.2250   0.1513 334.2500  23.1675   1.6217  -0.0499   0.2413   0.2304  -0.0148  -0.0265  -0.3473  -0.2109   9.0345  -0.0371  11.1937   0.0826   0.1391  -0.1447   0.0141  14.4576  -0.0333   8.0547   0.0308   0.1205  -0.1671   0.0535   0.4350  -8.0400   0.0196  14.3125   0.0049   0.0597  -0.0689   0.0715  -4.265691
138    -0.1411   0.6275   0.0343   0.1496  92.4587   0.2875   0.2680  35.8250 135.7250   0.1822 467.7500  -9.0375   1.5623   0.0436   0.0255   0.3419   0.0677   0.0815  -0.8602  -0.0349  -2.1835  -0.0237   9.1862   0.0751   0.1326  -0.1523   0.1185  16.1651  -0.0363   6.7092   0.0076   0.2095  -0.1062   0.1855   0.2950 -12.6480   0.0209  12.5575   0.0544   0.0003   0.0481   0.0865  -11.983292
139     0.0490   0.5325   0.0317   0.1576  93.5163   0.4875   0.1042  23.9750 400.3250   0.1558 460.2500  55.9375   0.5337  -0.1051   0.0697   0.1832   0.1217   0.0055  -0.2932   0.0553  10.3125  -0.0469  10.9462   0.0174   0.1307  -0.1283   0.0315  15.6187  -0.0637   5.9847   0.0884   0.2575  -0.1978   0.1885   0.3070  -2.2800   0.0296   9.3175   0.0109   0.0850   0.0264   0.1255  -5.394378
140    -0.0602   0.0725   0.0111   0.1256  91.1762   0.7175   0.1493  26.9750 363.5750   0.1258 244.2500  -1.6925   1.9533  -0.0252  -0.0915   0.2580  -0.0763  -0.0105  -0.9638  -0.1867  10.3835  -0.0409  10.8912   0.0286   0.0852  -0.1902   0.0117   9.8132  -0.0479   6.8127   0.0516   0.1975  -0.1369   0.1085   0.4910  -9.0960   0.0256  12.4225  -0.0491   0.0564  -0.0494   0.0775  -9.345268
141     0.0007   0.2025   0.0253   0.1373  90.4788   0.3825   0.2848  21.5750 258.2250   0.1978 344.7500 -34.4625   1.3242  -0.0456   0.0515   0.2925  -0.1347  -0.0335  -0.9592  -0.0019   4.9875  -0.0219   8.1412   0.0256   0.0644  -0.1748   0.0795  14.2527  -0.0481   6.9163   0.0692   0.1535  -0.1681   0.0325   0.1830 -13.8000   0.0059  13.4125  -0.0649   0.0415  -0.0659   0.0625  -5.182235
142     0.0469   0.6475   0.0319   0.1339  90.0512   0.2425   0.0968  22.0250 331.7250   0.1857 205.2500  51.4175   1.2053  -0.0074   0.2907   0.3431  -0.0553  -0.0755  -0.5857   0.1213  10.0285  -0.0473   8.0588   0.1119   0.1196  -0.1567   0.0435  16.2334  -0.0419   8.0203   0.1164   0.2145  -0.1804   0.0055   0.4230  -8.4240   0.0173  13.3675  -0.0131   0.0806  -0.0501   0.0945  -5.415941
143     0.0395  -0.1425   0.0385   0.1366  92.0088   0.6625   0.1651  31.3250 143.0750   0.1443 341.7500  31.0775   1.7153   0.0130  -0.1409   0.1970  -0.0342  -0.0685  -0.5408  -0.0679   2.5025  -0.0455   8.3337   0.1216   0.0800  -0.1458   0.0723  10.5645  -0.0617   8.8138   0.1500   0.2115  -0.1517   0.1665   0.1510  -8.9040   0.0202  12.6925  -0.0289   0.0943   0.0436   0.1475  -3.933649
144    -0.1096   0.5975   0.0275   0.1343  93.4262   0.0725   0.1577  45.8750 380.7250   0.1377 241.2500 -46.3275   0.3893  -0.0805  -0.0655   0.3603  -0.1632  -0.0325  -0.7972  -0.0789   0.3725  -0.0311   5.9138   0.0916   0.1573  -0.1622   0.0657  21.2875  -0.0583   4.1217   0.1036   0.1005  -0.1022   0.0225   0.4410  -7.6560   0.0293  12.6475   0.0326   0.0410  -0.0756   0.0205  -3.898045
145     0.0385   0.6125   0.0189   0.1771  93.6288   0.0625   0.1399  24.4250 277.8250   0.1037 397.2500 -48.5875   1.6558  -0.0261   0.1893   0.1890  -0.1063  -0.0405  -0.5362  -0.2153   8.9635  -0.0315   6.7112   0.1314   0.1671  -0.1733   0.0615  12.7501  -0.0371   8.3652   0.0732   0.1725  -0.1795   0.1355   0.1270  -7.5600   0.0260  12.7375  -0.0499   0.0707   0.0496   0.0075  -4.563927
146    -0.1337   0.0025   0.0137   0.1420  90.8163   0.1725   0.2029  39.4250 216.5750   0.1532 328.2500  -7.3425   0.5253  -0.0694   0.3193   0.1947   0.0887   0.0105  -1.0898  -0.0217  -0.7635  -0.0313   7.9763   0.1126   0.0832  -0.1452   0.0501  13.4331  -0.0347   5.8467   0.0652   0.2045  -0.1438   0.0545   0.4650  -4.0080   0.0277   7.4275   0.0461   0.0756  -0.0696   0.0615  -5.541213
147    -0.1138   0.0625   0.0055   0.1489  91.7613   0.8475   0.2858  49.1750 390.5250   0.1912 277.2500  41.2475   0.3808   0.0343   0.0853   0.2626  -0.0702   0.0125  -1.0493  -0.1515   1.4375  -0.0233   6.6287   0.1291   0.1060  -0.1828   0.0591  11.0426  -0.0411   7.0198   0.0628   0.1675  -0.1587   0.0285   0.3450  -2.0880   0.0128  10.2625  -0.0596   0.0993   0.0256   0.0025  -9.449862
148    -0.0592   0.4975   0.0151   0.1523  89.6913   0.6775   0.2879  27.8750 392.9750   0.1478 499.2500  59.8925   0.7632  -0.0720   0.0463   0.1913  -0.0808   0.0845  -0.5767  -0.1119   7.0465  -0.0551  10.4513   0.0819   0.0891  -0.1608   0.0393  20.8778  -0.0361   5.6052   0.0228   0.1935  -0.1488   0.1695   0.3290 -10.4400   0.0034  10.4425  -0.0461   0.0778  -0.0209   0.1925  -11.260670
149    -0.0707   0.2975   0.0247   0.1265  89.9163   0.0875   0.1882  41.2250 473.8250   0.1637 329.7500   0.0025   0.8227   0.0402   0.0645   0.2729   0.0168   0.0605  -0.9233  -0.0965   4.7035  -0.0509   9.5712   0.0954   0.0761  -0.1182   0.0573  16.4382  -0.0661   3.4662   0.1468   0.2805  -0.1626   0.0805   0.1210  -4.7760   0.0091   7.9225   0.0409   0.0976  -0.0239   0.1905  -4.869412
150    -0.0697   0.6375   0.0133   0.1552  93.1338   0.7275   0.1840  28.3250 263.1250   0.1702 221.7500  18.6475   1.0267   0.0385   0.2023   0.3845  -0.1287  -0.0575  -0.4913  -0.1163  -1.1185  -0.0433  11.1388   0.1171   0.0579  -0.1532   0.1053  14.3892  -0.0535   5.1912   0.0948   0.1755  -0.1141   0.0125   0.1470  -4.1040   0.0257   9.7675  -0.0334   0.0509   0.0271   0.1715  -3.333920
151    -0.1463   0.1175   0.0307   0.1319  92.4812   0.1675   0.1913  48.7250 378.2750   0.1152 217.2500  58.1975   1.5877   0.0054   0.3245   0.2016  -0.0058  -0.0205  -0.9998  -0.2901   3.9225  -0.0247   7.9212   0.1201   0.1008  -0.1382   0.0261  11.8622  -0.0643   6.2263   0.0196   0.1885  -0.1854   0.0235   0.2990 -12.0720   0.0295  13.2775  -0.0814   0.0074  -0.0254   0.0975  -6.662127
152    -0.0854   0.5825   0.0217   0.1310  93.0663   0.7975   0.2564  40.3250 522.8250   0.1787 449.7500  59.3275   0.4572  -0.0031   0.3297   0.2028  -0.1168  -0.0065  -0.7297   0.0795   5.6975  -0.0417   5.9412   0.0676   0.1209  -0.1262   0.1059  11.1109  -0.0577   6.0538   0.0052   0.2665  -0.1359   0.0515   0.4170   0.6960   0.0229   9.4975  -0.0589   0.1081  -0.0996   0.1225  -5.582009
153    -0.1484   0.6175   0.0169   0.1643  91.6263   0.9775   0.1451  27.1250 449.3250   0.1363 257.7500  43.5075   0.5167  -0.0227   0.2257   0.3638   0.0362  -0.0415  -0.7207   0.0091   7.1885  -0.0403  11.3312   0.0271   0.0462  -0.1058   0.0051  17.3945  -0.0545   2.2587   0.0348   0.1165  -0.1814   0.0775   0.2570   2.5200   0.0185  12.8725   0.0401   0.0190  -0.0119   0.0175  -4.513038
154     0.0448   0.4425   0.0287   0.1384  90.9512   0.1425   0.1861  22.1750 113.6750   0.1058 280.2500  -3.9525   1.2902   0.0224  -0.0317   0.3902  -0.1497  -0.0615  -0.9457  -0.0503   9.1765  -0.0519   6.5188   0.1096   0.0566  -0.1992   0.0237  12.1354  -0.0355   3.3972   0.1180   0.1915  -0.1196   0.1215   0.4490  -8.3280   0.0284   9.4525  -0.0349   0.1037  -0.0066   0.1075  -4.381699
155    -0.1159  -0.1975   0.0009   0.1514  90.0738   0.1025   0.1661  24.2750 125.9250   0.1768 332.7500  22.0375   1.4432   0.0173   0.2959   0.3500  -0.1152   0.0645  -0.8062  -0.1141   5.2005  -0.0235  10.5612   0.0376   0.0930  -0.1098   0.0903  10.4962  -0.0373   8.2273   0.0900   0.2375  -0.1245   0.0075   0.3750  -6.0240   0.0155  11.5675  -0.0266   0.0278  -0.0591   0.1695  -2.059677
156    -0.0109   0.2575   0.0391   0.1315  93.1787   0.8925   0.2333  39.1250 157.7750   0.1297 298.2500  58.7625   0.7717  -0.0728   0.2153   0.3293   0.1007  -0.0745  -0.8422   0.0135   6.1945  -0.0239  10.7262   0.0879   0.0962  -0.1528   0.0075  10.2913  -0.0305   7.8478   0.1220   0.1615  -0.1097   0.0265   0.3930  -9.7680   0.0142  15.3925   0.0379   0.0217   0.0039   0.0315  -5.456492
157    -0.0224  -0.0175   0.0213   0.1655  92.1663   0.6925   0.2417  42.5750 385.6250   0.1842 254.7500 -47.4575   0.8482  -0.1043   0.2283   0.3201  -0.0027   0.0015  -1.0447   0.1235  -0.0535  -0.0567   6.9037   0.0136   0.1456  -0.1238   0.0663  20.9461  -0.0621   3.8802   0.0780   0.1145  -0.1790   0.0215   0.1750   4.0560   0.0094  12.3775   0.0469   0.0173  -0.0006   0.1195  -3.306904
158    -0.1232   0.0875   0.0179   0.1259  92.3913   0.1925   0.2596  45.7250 574.2750   0.1353 427.2500  24.8625   1.0523   0.0377   0.0671   0.3247  -0.0373  -0.0305  -0.8648  -0.1757  -0.6215  -0.0577  10.0938   0.0046   0.0514  -0.1873   0.0255  13.0233  -0.0547   4.5357   0.0004   0.1835  -0.1755   0.0305   0.1930 -13.9920   0.0250  12.0625   0.0371   0.0085  -0.0764   0.0185  -9.359503
159     0.0070  -0.0825   0.0037   0.1699  92.8412   0.9125   0.1483  46.0250 241.0750   0.1042 218.7500 -32.7675   0.8737  -0.0278   0.3687   0.2936   0.0408   0.0255  -0.3697  -0.2483   0.1595  -0.0297   7.9488   0.0481   0.0611  -0.1402   0.0417  11.5206  -0.0431   5.9503   0.1244   0.2155  -0.1636   0.1745   0.3110  -0.0720   0.0233  11.9725   0.0221   0.0316  -0.0411   0.1095  -6.171896
160    -0.0865   0.3725   0.0053   0.1493  91.5587   0.2275   0.2092  22.7750 248.4250   0.1018 380.7500 -22.0325   1.1628  -0.1153   0.1659   0.3718  -0.0117  -0.0055  -0.8242   0.0861   2.0765  -0.0485  10.1763  -0.0044   0.0774  -0.1587   0.1023  21.0827  -0.0307   5.5708   0.1004   0.1515  -0.1379   0.0365   0.3550   3.4800   0.0013  11.3425   0.0041   0.0916   0.0279   0.0635  -4.494415
161    -0.0035   0.3375   0.0025   0.1753  93.0212   0.8075   0.2249  47.8250 517.9250   0.1587 314.7500  34.4675   0.6952   0.0428  -0.0447   0.3672  -0.1213   0.0485  -0.3923   0.0289   7.6145  -0.0299   7.5637   0.0436   0.1502  -0.1142   0.0063   7.9008  -0.0329   2.6727   0.1508   0.2455  -0.1275   0.0345   0.1590 -12.7440   0.0040  12.4675  -0.0476   0.0685   0.0294   0.1885  -4.759977
162    -0.0665   0.2175   0.0219   0.1724  92.9088   0.7325   0.1325  32.8250 253.3250   0.1727 232.2500 -41.8075   0.6697   0.0071   0.0021   0.2913   0.0153   0.0875  -0.6668  -0.0063  10.5965  -0.0425   7.5363   0.0294   0.1554  -0.1667   0.1161  18.2141  -0.0387   8.5378   0.1212   0.2645  -0.1433   0.0665   0.2790  -5.2560   0.0148  14.8075   0.0116   0.1031  -0.0051   0.1275  -17.694059
163    -0.0802  -0.1625   0.0171   0.1648  92.3012   0.4175   0.2228  22.9250 297.4250   0.1482 404.7500  13.5625   0.4487   0.0156  -0.0525   0.2959  -0.0282   0.0715  -0.8692  -0.1999   1.0825  -0.0395   9.7087   0.1014   0.1521  -0.1717   0.0651  15.1406  -0.0339   7.4682   0.1356   0.1735  -0.1602   0.1635   0.2610 -10.7280   0.0251   9.1825  -0.0626   0.0811  -0.0359   0.0565  -3.100548
164    -0.0749   0.2075   0.0257   0.1511  91.5362   0.1975   0.1283  34.4750 140.6250   0.1573 410.7500 -36.1575   1.3073  -0.0312   0.2933   0.3753   0.0258   0.0385  -0.5813  -0.2989   0.9405  -0.0541   6.0237   0.0849   0.1313  -0.1957   0.0303  16.3699  -0.0451   7.8133   0.0972   0.2285  -0.1631   0.0245   0.1910   0.8880   0.0028   9.8125  -0.0896   0.1048  -0.0291   0.0675  -6.785667
165    -0.0833   0.0275   0.0049   0.1355  89.8712   0.0775   0.1756  33.2750 228.8250   0.1287 349.2500 -49.1525   1.8003  -0.0295  -0.0213   0.3086  -0.1437  -0.0865  -0.9818   0.0069   3.5675  -0.0249  10.6438   0.1081   0.0546  -0.1287   0.0171  17.6677  -0.0351   4.5012   0.0588   0.2295  -0.1988   0.1255   0.3530  -7.9440   0.0025  15.6175   0.0139   0.1064  -0.0561   0.0645  -3.946172
166    -0.0308  -0.0875   0.0065   0.1471  91.2213   0.1575   0.2690  38.6750 236.1750   0.1398 260.7500  11.3025   1.4008  -0.0932   0.1581   0.2189  -0.0072   0.0095  -0.5182   0.1081   1.7925  -0.0229   8.7188   0.0346   0.0871  -0.1047   0.0921  12.4086  -0.0567   4.3977   0.1276   0.1985  -0.1285   0.1225   0.2810 -13.5120   0.0217  10.8475  -0.0244   0.0608  -0.0771   0.0355  -1.822423
167    -0.0970   0.6075   0.0093   0.1451  90.5462   0.4775   0.2764  32.6750 294.9750   0.1412 325.2500  12.4325   1.6473   0.0326   0.2543   0.2706  -0.1077  -0.0775  -0.9682   0.0399   1.5085  -0.0391   9.2688   0.0699   0.0748  -0.1793   0.0621  13.3647  -0.0483   4.1908   0.1420   0.2955  -0.1404   0.1385   0.2310  -1.1280   0.0047  14.0425   0.0259   0.0459   0.0226   0.0735  -3.113390
168    -0.0718   0.0525   0.0251   0.1408  92.5938   0.3075   0.1588  48.8750 588.9750   0.1698 388.2500  46.8975   1.1202   0.0241   0.2517   0.3235   0.0227  -0.0835  -0.5497  -0.2285  -2.3255  -0.0209   7.7288   0.1389   0.1086  -0.1268   0.0993  19.1019  -0.0429   6.3643   0.0812   0.1385  -0.1879   0.0645   0.4970  -6.6000   0.0023   7.6525  -0.0034   0.0371  -0.0044   0.1525  -5.348640
169    -0.0686  -0.2325   0.0121   0.1796  92.5038   0.5475   0.1682  36.5750 564.4750   0.1138 266.7500  12.9975   1.8598   0.0147   0.2647   0.2856   0.1248  -0.0165  -0.7477  -0.1889   6.5495  -0.0515  10.4788   0.1336   0.1398  -0.1067   0.0753  16.7798  -0.0447   5.7087   0.0940   0.1955  -0.1938   0.1365   0.4790 -11.7840   0.0281  13.4575  -0.0259   0.0432  -0.0231   0.0425  -2.685477
170    -0.1348   0.4125   0.0241   0.1424  90.9063   0.3625   0.1346  34.6250 285.1750   0.1832 428.7500 -24.2925   1.4772  -0.0286   0.1347   0.2235   0.1037   0.0825  -0.3022   0.1279   5.2715  -0.0459   9.3512   0.0894   0.1450  -0.1367   0.0681   9.4033  -0.0423   6.7438   0.0620   0.2605  -0.1413   0.1765   0.2350 -11.4960   0.0197  10.1275   0.0589   0.0047  -0.0891   0.1465  -4.684097
171     0.0311  -0.2475   0.0255   0.1543  92.4137   0.1175   0.1336  39.5750 552.2250   0.1382 419.7500  28.2525   0.3977  -0.0754   0.0385   0.2752  -0.1332   0.0695  -0.8873  -0.2747  -0.9055  -0.0295   6.2987   0.0729   0.1651  -0.1293   0.0519  14.1844  -0.0461   6.9852   0.1388   0.1995  -0.1527   0.1675   0.4130  -3.1440   0.0133  15.2575   0.0394   0.0910  -0.0419   0.1015  -6.692614
172     0.0217  -0.0925   0.0269   0.1720  93.6513   0.7125   0.1304  30.1250 422.3750   0.1803 394.2500   1.6975   1.8513  -0.0159  -0.0265   0.2764   0.0782  -0.0715  -0.9187   0.0179  -1.3315  -0.0543   8.9662  -0.0051   0.1151  -0.1542   0.0273  10.9060  -0.0515   5.6398   0.0748   0.2965  -0.1651   0.1065   0.3470  -0.8400   0.0089   7.8775  -0.0836   0.0646   0.0121   0.0725  -7.752940
173     0.0521   0.3925   0.0273   0.1391  92.9987   0.7775   0.2018  39.2750 456.6750   0.1848 250.2500 -48.0225   1.6387   0.0368   0.2699   0.2637   0.0108  -0.0605  -0.4462   0.0025   5.4135  -0.0463   6.2438   0.0369   0.0468  -0.1163   0.0297  19.5800  -0.0541   5.7778   0.1012   0.2025  -0.1364   0.0425   0.2970 -11.8800   0.0272  10.0825   0.0506   0.0839   0.0339   0.0255  -5.841401
174    -0.0655  -0.0125   0.0349   0.1337  90.0062   0.8425   0.2480  21.8750 584.0750   0.1227 256.2500  42.3775   1.6133  -0.0482   0.2205   0.2442   0.0033  -0.0985  -0.8737  -0.1471  -1.6155  -0.0499   6.4913   0.0414   0.1281  -0.1203   0.1173  19.7850  -0.0345   6.7783   0.0300   0.2875  -0.1225   0.1025   0.3490 -14.0880   0.0139   8.0575   0.0064   0.0817  -0.0726   0.0165  -3.133363
175     0.0406  -0.2275   0.0161   0.1652  89.5788   0.2375   0.2449  34.0250 513.0250   0.1262 305.7500   7.3475   1.3327  -0.0150   0.3089   0.3626   0.0498  -0.0135  -0.4688   0.0707   5.7685  -0.0585   7.0963   0.0114   0.0839  -0.1698   0.1077   8.5837  -0.0691   4.9843   0.0028   0.1795  -0.1017   0.1545   0.1190  -5.3520   0.0289   9.5425   0.0499   0.0080   0.0174   0.0035  -3.602070
176    -0.0182   0.0075   0.0165   0.1625  92.0313   0.0025   0.2617  49.4750 116.1250   0.1667 290.7500 -27.1175   0.3638  -0.0448   0.2725   0.2143  -0.0733   0.0465  -0.3562   0.0993   6.0525  -0.0231   8.9937   0.1351   0.0553  -0.1343   0.0609  16.6432  -0.0381   6.6403   0.0372   0.2815  -0.1473   0.0745   0.3990  -1.6080   0.0061  10.6225  -0.0791   0.0025  -0.0666   0.1285  -8.835195
177     0.0185  -0.1225   0.0051   0.1507  92.7513   0.1225   0.0905  42.8750 562.0250   0.1782 365.7500  10.1725   0.7038  -0.0516   0.1945   0.3695  -0.0492  -0.0975  -0.4327  -0.1185  -0.9765  -0.0593  11.0287   0.0564   0.0403  -0.1517   0.0987  14.5259  -0.0655   7.5027   0.0716   0.1335  -0.1314   0.0335   0.4390   0.4080   0.0232   7.6975   0.0551   0.0234   0.0459   0.1545  -2.972558
178    -0.0487   0.6325   0.0225   0.1406  92.8637   0.0975   0.2911  35.0750 581.6250   0.1248 253.2500 -29.3775   1.1372  -0.1179  -0.0499   0.2695  -0.0012   0.0065  -0.9097  -0.0459   8.3955  -0.0273   6.0512   0.1366   0.0598  -0.1577   0.0441  13.1599  -0.0565   4.8463   0.1596   0.1055  -0.1849   0.1555   0.2630  -4.6800   0.0002   8.2375  -0.0416   0.0030  -0.0426   0.1185  -3.915658
179    -0.0025  -0.0775   0.0211   0.1469  91.8512   0.4375   0.1199  30.8750 596.3250   0.1497 317.7500  53.6775   0.5763  -0.0873   0.2491   0.3868   0.1233   0.0315  -1.0807  -0.2307   1.5795  -0.0583   6.1337   0.1149   0.0527  -0.1357   0.1083  10.1546  -0.0379   3.5008   0.0044   0.1745  -0.1923   0.1325   0.1810  -0.5520   0.0041  15.0325  -0.0229   0.0184   0.0106   0.1435  -4.062268
180    -0.1295  -0.1375   0.0279   0.1729  91.2438   0.8675   0.1535  33.4250 490.9750   0.1182 377.7500 -44.6325   1.9872   0.0309   0.2985   0.3454   0.0932   0.0205  -0.8152   0.0685  -0.3375  -0.0211   6.7937   0.1186   0.1066  -0.1423   0.0951  21.3559  -0.0647   5.0877   0.0420   0.2975  -0.1958   0.0705   0.1330  -3.5280   0.0052  15.7975   0.0154   0.0635   0.0046   0.1335  -5.956777
181     0.0101   0.6025   0.0079   0.1549  89.6012   0.9525   0.1997  28.1750 500.7750   0.1028 455.7500  -3.3875   1.7578  -0.1009  -0.1227   0.3212  -0.0463   0.0755  -0.2707   0.0487   6.6205  -0.0523  10.3412   0.0541   0.1528  -0.1398   0.0939   9.8814  -0.0599   8.3308   0.0460   0.1595  -0.1052   0.0785   0.4050   2.3280   0.0253   9.0475  -0.0409   0.0256  -0.0246   0.1395  -9.201113
182    -0.1043   0.4225   0.0059   0.1475  91.9638   0.3325   0.2312  32.2250 554.6750   0.1602 262.2500  -6.7775   0.3383  -0.0422   0.2595   0.2476  -0.1468   0.0975  -0.6352  -0.0569   4.6325  -0.0349   9.2962   0.0301   0.0806  -0.1072   0.1071  17.7360  -0.0457   3.2592   0.1196   0.2085  -0.1126   0.0915   0.1550   0.2160   0.0109  13.6375  -0.0364   0.0723  -0.0336   0.0545  -5.355829
183     0.0227   0.1975   0.0077   0.1348  90.5687   0.3375   0.1630  37.7750 343.9750   0.1653 235.2500  -4.5175   1.6897  -0.0371  -0.0005   0.2097  -0.1482  -0.0185  -0.6217  -0.2219   3.8515  -0.0521  10.7813   0.0196   0.0878  -0.1838   0.0147   8.0373  -0.0497   8.8482   0.0508   0.1425  -0.1844   0.1245   0.3950  -5.7360   0.0080   8.1025  -0.0746   0.0751  -0.0876   0.1875  -7.108266
184     0.0238   0.3475   0.0243   0.1462  93.5612   0.4625   0.1987  34.7750 187.1750   0.1217 310.2500  49.7225   0.3298  -0.1170   0.3531   0.3097   0.1067   0.0635  -0.9413  -0.0767   1.7215  -0.0291   7.8113   0.0684   0.1099  -0.1708   0.0909  14.7991  -0.0393   6.6747   0.0564   0.2785  -0.1512   0.1305   0.2670   1.2720   0.0181  15.1225   0.0424   0.0294  -0.0134   0.0335  -5.138639
185    -0.0235   0.5575   0.0127   0.1447  90.4112   0.9625   0.2134  27.7250 471.3750   0.1713 412.2500 -28.8125   1.9023  -0.0397   0.0905   0.3764  -0.1513  -0.0075  -0.7793  -0.0613   6.4785  -0.0279  10.3962   0.0999   0.0455  -0.1133   0.0645  15.3455  -0.0367   7.7098   0.0996   0.1685  -0.1542   0.0145   0.3390  -4.8720   0.0121  11.2075   0.0034   0.0828  -0.0021   0.0755  -3.227780
186    -0.1201   0.2875   0.0249   0.1226  89.7363   0.5375   0.1472  45.4250 182.2750   0.1123 302.7500  38.9875   1.3752  -0.0864  -0.0031   0.3741  -0.0253   0.0235  -1.0987  -0.1207  11.0935  -0.0525  10.2037  -0.0036   0.0956  -0.1947   0.0729   8.1740  -0.0341   3.7422   0.1372   0.2205  -0.1809   0.1175   0.2650   1.0800   0.0263  11.3875   0.0214   0.0448  -0.0516   0.1085  -4.541955
187     0.0437   0.1825   0.0289   0.1798  91.3562   0.3575   0.1388  27.5750 412.5750   0.1238 226.2500  51.9825   0.4148  -0.0796   0.0411   0.2488   0.0873  -0.0585  -0.5048   0.0355   9.4605  -0.0449   7.8663   0.0226   0.1677  -0.1007   0.0579   8.2423  -0.0415   8.6412   0.0844   0.2725  -0.1235   0.0395   0.3370  -1.7040   0.0239   8.9575   0.0026   0.0151  -0.0944   0.1565  -7.132904
188    -0.0266  -0.0675   0.0183   0.1778  92.7288   0.7875   0.2375  35.3750 111.2250   0.1002 379.2500 -15.2525   1.4178  -0.0941   0.2569   0.1775   0.0288   0.0785  -0.8198   0.1345  10.0995  -0.0355   9.5988   0.1141   0.1339  -0.1713   0.0183  19.5118  -0.0473   2.8108   0.1588   0.2895  -0.1270   0.1095   0.2370 -10.3440   0.0086   9.1375   0.0146   0.1092  -0.0299   0.1305  -4.209339
189    -0.0928   0.4575   0.0105   0.1238  89.5113   0.7925   0.2743  43.1750 397.8750   0.1873 424.2500  32.2075   1.4943   0.0487  -0.0343   0.3661  -0.1047  -0.0315  -0.4103   0.0597  -2.1125  -0.0307   6.5738   0.0459   0.1534  -0.1852   0.0015  13.9111  -0.0613   5.5017   0.0340   0.2355  -0.1720   0.0525   0.1890  -4.3920   0.0068   8.1925  -0.0146   0.0212  -0.0164   0.0375  -4.079015
190     0.0343   0.4775   0.0001   0.1751  92.8863   0.7375   0.2942  41.6750 353.7750   0.1663 409.2500   5.0875   1.2817   0.0300   0.2855   0.3776   0.0693  -0.0225  -0.8018  -0.2395  -1.2605  -0.0423   8.6912   0.0496   0.0676  -0.1682   0.0567  17.8726  -0.0639   2.4313   0.0100   0.2345  -0.1894   0.0715   0.3710  -6.1200   0.0104   9.0925  -0.0281   0.0630  -0.0681   0.1135  -4.298400
191     0.0574  -0.0725   0.0369   0.1261  91.6038   0.9075   0.2900  21.4250 476.2750   0.1528 484.2500 -21.4675   1.5792   0.0462   0.1867   0.3063   0.1277  -0.0565  -0.8468  -0.1581   0.0885  -0.0369   8.5262   0.1111   0.0735  -0.1803   0.0741  13.5696  -0.0563   6.5023   0.0532   0.1105  -0.1374   0.0615   0.1650 -14.3760   0.0247   9.9925  -0.0236   0.0729  -0.0576   0.1775  -3.787263
192    -0.0466  -0.0325   0.0353   0.1601  91.0863   0.4825   0.2039  33.7250 150.4250   0.1838 487.2500 -16.3825   0.4232  -0.1111   0.2673   0.3189  -0.0658   0.0005  -0.2663  -0.0129   6.2655  -0.0367   7.5912   0.0099   0.0429  -0.1353   0.0855   9.2668  -0.0629   3.1902   0.0060   0.1245  -0.1780   0.0585   0.3230   3.0960   0.0124  11.6125  -0.0754   0.0718  -0.0089   0.0005  -4.676121
193    -0.0560   0.2325   0.0109   0.1268  93.8763   0.0275   0.1735  44.2250 314.5750   0.1067 494.7500  45.7675   1.7917   0.0334   0.2387   0.1844   0.0483  -0.0505  -0.9277  -0.1713   4.7745  -0.0257  10.0387   0.1104   0.0657  -0.1088   0.0453  16.9163  -0.0575   7.0887   0.1532   0.2755  -0.1265   0.1455   0.3410   3.2880   0.0167  11.4325  -0.0641   0.0322   0.0346   0.1215  -8.425413
194    -0.0812   0.1425   0.0203   0.1681  91.4013   0.2825   0.2785  46.9250 498.3250   0.1013 299.7500  24.2975   0.7293  -0.1026   0.0151   0.3523   0.0737  -0.0995  -0.3428  -0.0591   4.0645  -0.0287   9.5162   0.0399   0.1261  -0.1093   0.0099  10.0864  -0.0633   4.2597   0.0252   0.2445  -0.1710   0.1475   0.1430   1.3680   0.0262  13.7275  -0.0761   0.0866  -0.0194   0.1115  -19.454716
195    -0.1022  -0.2925   0.0027   0.1702  90.2763   0.1825   0.2953  42.7250 299.8750   0.1887 202.2500  29.9475   0.9162  -0.0915   0.3375   0.3856  -0.0627  -0.0935  -0.9143  -0.0987   5.8395  -0.0263   8.8013   0.0211   0.1177  -0.1978   0.0231   9.6765  -0.0487   4.9497   0.0908   0.1485  -0.1983   0.1875   0.1110   2.2320   0.0166   7.3375  -0.0439   0.0965   0.0129   0.1795  -2.563229
196    -0.0067   0.1725   0.0229   0.1574  89.5338   0.5875   0.2533  41.3750 292.5250   0.1347 364.2500  44.0725   1.1543   0.0028  -0.0291   0.3960  -0.0793  -0.0905  -0.5228  -0.2021   7.3305  -0.0225   6.6013   0.0706   0.1586  -0.1437   0.0945  13.2282  -0.0623   7.2267   0.0756   0.1545  -0.1760   0.1935   0.4990  -4.2000   0.0136  13.0975  -0.0041   0.0476  -0.0284   0.0855  -5.052011
197    -0.1369  -0.2125   0.0233   0.1610  90.6588   0.0425   0.1609  42.4250 542.4250   0.1828 287.7500  22.6025   1.9362  -0.0176  -0.0577   0.1993   0.0962   0.0195  -0.4597  -0.2813  -0.4085  -0.0353  10.8638   0.0601   0.0507  -0.1507   0.1089   9.1985  -0.0555   3.0868   0.1540   0.2985  -0.1765   0.1995   0.1030  -4.9680   0.0122  10.5325  -0.0484   0.0514  -0.0261   0.1145  -10.127799
198     0.0542   0.3975   0.0013   0.1693  89.6687   0.8875   0.2512  31.9250 503.2250   0.1998 382.2500 -14.1225   0.7377  -0.1085   0.1425   0.2879   0.0812   0.0665  -0.4642  -0.2527   3.0705  -0.0363   7.5087   0.1066   0.1027  -0.1117   0.0837  15.4820  -0.0369   8.2962   0.0156   0.2615  -0.1146   0.0825   0.1710  -5.5440   0.0188  12.7825  -0.0424   0.0800  -0.0929   0.0265  -3.455841
199    -0.0907  -0.1775   0.0035   0.1657  92.4362   0.8975   0.2638  28.9250 481.1750   0.1233 463.2500  25.4275   0.3722  -0.0771   0.3219   0.2396   0.0393   0.0145  -0.3338  -0.1361   3.7805  -0.0301   7.4812   0.0759   0.0715  -0.1943   0.1131  13.5014  -0.0557   2.9488   0.1092   0.1785  -0.1131   0.0875   0.1950   1.7520   0.0199  14.0875  -0.0446   0.0437  -0.0599   0.1805  -2.197478
200     0.0091  -0.2825   0.0193   0.1717  91.6937   0.3875   0.2407  32.0750 410.1250   0.1192 272.7500  41.8125   1.0438  -0.0660   0.0957   0.2603   0.1112  -0.0915  -0.7657  -0.1405  -1.0475  -0.0589   7.4538   0.1164   0.1658  -0.1898   0.0711  13.0915  -0.0591   6.4332   0.0868   0.1585  -0.1750   0.0655   0.1130   1.4640   0.0220  14.4925   0.0281   0.0349   0.0061   0.1165  -4.242889
