sim_no   goal_mmse    goal_smse    goal_r2    goal_chi2    goal_ns    goal_br2    goal_ssqr    goal_pbias    goal_kge    goal_rsr    goal_mns
1     7397.349121  91.719498   0.624166   44.961506   0.563601   0.362141   26.452745   27.231529   0.564509   0.660597   0.460694
2     6188.137207  84.350937   0.659216   41.103119   0.600871   0.427757   23.222799   27.445496   0.609792   0.631764   0.491543
3     13560.368164  126.971405   0.514456   60.842804   0.408432   0.342394   23.418316   27.809702   0.591772   0.768894   0.371800
4     21999.386719  165.474533   0.427787   77.698883   0.243348   0.278107   26.926908   27.889992   0.547550   0.868676   0.296479
5     10633.320313  110.404922   0.536209   53.885918   0.476808   0.298767   26.650290   27.730495   0.545046   0.723320   0.400996
6     27201.654297  181.805527   0.225075   86.251495   0.160737   0.052036   73.424088   28.122625   0.197308   0.915442   0.156359
7     8386.109375  97.643600   0.590633   47.872902   0.535348   0.341361   24.855492   26.692390   0.566989   0.681645   0.436705
8     19924.304688  151.533661   0.364972   73.749023   0.283797   0.091923   84.608566   25.072796   0.249807   0.846279   0.247076
9     15347.210938  137.066925   0.494138   64.815697   0.369156   0.330373   23.727871   27.323032   0.586563   0.793535   0.343310
10     24013.865234  169.183411   0.284758   80.972176   0.212643   0.061886   88.996292   26.558453   0.188548   0.887017   0.188823
11     7153.466797  90.318687   0.630888   44.207760   0.570868   0.418781   20.611225   27.753731   0.615515   0.655079   0.456508
12     9047.156250  101.465569   0.594928   49.721428   0.517388   0.287569   41.282242   27.556419   0.482800   0.694696   0.434761
13     8749.327148  98.945862   0.580598   48.957359   0.525149   0.283739   34.123798   22.998060   0.511540   0.688997   0.428334
14     23189.316406  170.435593   0.415724   79.817627   0.222554   0.268609   25.830627   26.611652   0.547267   0.880361   0.291339
15     7559.628418  93.441513   0.617222   45.424599   0.558828   0.388988   22.219021   27.353729   0.598204   0.664196   0.456393
16     10659.160156  113.668709   0.536709   53.984901   0.474749   0.256494   37.541023   26.235394   0.486512   0.724251   0.399973
17     9680.391602  106.656761   0.568973   51.396454   0.500494   0.392098   14.644234   22.844257   0.648110   0.706648   0.413534
18     7436.291992  91.887192   0.621571   45.083832   0.562443   0.347019   29.570835   26.191748   0.553923   0.661469   0.473183
19     6434.314453  85.733124   0.648829   41.923294   0.593014   0.405322   23.345490   26.434786   0.600759   0.637953   0.482856
20     17044.207031  141.901169   0.396787   68.202957   0.337024   0.122443   62.851997   22.364204   0.327931   0.814054   0.271097
21     11109.071289  112.061020   0.548266   55.119511   0.465144   0.236770   47.406212   28.009975   0.435002   0.731308   0.386184
22     7498.941406  93.339615   0.625266   45.237251   0.560545   0.417537   21.313305   28.064302   0.613771   0.662880   0.452542
23     8933.796875  100.221130   0.579372   49.449745   0.520273   0.300780   32.286327   26.525509   0.521488   0.692563   0.428299
24     14280.848633  131.833374   0.511813   62.500702   0.391809   0.348973   22.986771   27.608479   0.594059   0.779266   0.360256
25     10823.504883  112.266983   0.539276   54.346329   0.472008   0.323493   23.341560   27.895729   0.571128   0.726581   0.401397
26     10841.416992  114.038765   0.559083   54.418129   0.470728   0.383711   21.393486   26.803890   0.616592   0.727172   0.403708
27     12072.611328  119.816460   0.508220   57.408539   0.441819   0.222987   42.367500   27.138195   0.446992   0.746879   0.365837
28     20706.933594  160.359528   0.438057   75.367767   0.266103   0.286827   25.225510   26.968201   0.559288   0.855570   0.304180
29     7579.725098  92.937172   0.600564   45.507469   0.558265   0.360338   19.631180   22.875118   0.605620   0.664628   0.450066
30     8729.066406  102.392120   0.602488   48.832203   0.525036   0.416843   20.569662   28.033680   0.619788   0.688839   0.432647
31     9825.078125  106.969391   0.555187   51.779030   0.496948   0.254631   39.028557   22.774704   0.485183   0.709213   0.410835
32     15760.632813  139.548141   0.488883   65.726395   0.360093   0.334847   19.265417   23.213528   0.610341   0.799020   0.345054
33     12418.492188  122.814133   0.527808   58.276394   0.432955   0.352355   20.181723   26.004671   0.607302   0.752480   0.377454
34     15554.611328  138.992737   0.498361   65.322311   0.363919   0.339143   25.190147   27.936157   0.584778   0.796513   0.347638
35     21594.015625  157.929855   0.343646   76.772774   0.254367   0.078034   92.668152   25.972307   0.213634   0.863484   0.237294
36     6562.035645  86.467216   0.647308   42.342682   0.588987   0.417737   23.179516   27.675638   0.606117   0.641099   0.476968
37     29049.167969  187.002045   0.197819   89.090523   0.133394   0.036541   92.548569   27.926842   0.123993   0.930419   0.145759
38     34903.871094  200.014755   0.096698   97.629227   0.052099   0.007818   133.224289   23.257383   -0.039142   0.973602   0.115062
39     9129.096680  104.144852   0.581229   49.920609   0.514639   0.403744   15.906380   22.684231   0.652808   0.696468   0.429704
40     6405.152344  85.570801   0.651623   41.826775   0.593939   0.424637   22.001547   27.590910   0.610866   0.637229   0.479541
41     21196.175781  161.949127   0.434384   76.230743   0.257788   0.282448   26.805424   28.286915   0.549289   0.860491   0.301186
42     6270.298828  84.355804   0.638526   41.399910   0.598206   0.418922   16.531618   22.676968   0.646474   0.633860   0.473594
43     10671.876953  111.083931   0.536537   53.969780   0.475812   0.233588   42.347919   22.939224   0.462521   0.723991   0.391992
44     28023.357422  179.567780   0.222755   87.467148   0.150631   0.027932   127.006226   18.884718   0.071519   0.921607   0.145789
45     14671.778320  134.435181   0.504890   63.400795   0.382798   0.351629   18.731916   23.155090   0.619468   0.784782   0.353694
46     9092.740234  100.789429   0.585425   49.916637   0.515879   0.291839   36.754581   27.543850   0.497139   0.695676   0.426628
47     6282.172363  85.062393   0.658514   41.412086   0.597843   0.429790   23.786150   28.242765   0.606819   0.634153   0.489529
48     7502.565430  92.006241   0.617834   45.303257   0.560431   0.398088   21.967112   27.467669   0.606511   0.662963   0.447155
49     10937.537109  110.815605   0.556027   54.721352   0.469164   0.238988   48.670303   28.026773   0.432125   0.728512   0.391880
50     7627.525879  93.489326   0.613737   45.639320   0.556883   0.370375   23.261055   26.901848   0.583532   0.665670   0.453558
51     11140.317383  115.437401   0.555412   55.157406   0.463592   0.381674   20.208576   27.372520   0.612723   0.732095   0.396382
52     20150.064453  158.296021   0.446725   74.355820   0.275925   0.293958   27.463440   28.482981   0.554660   0.849792   0.310669
53     43541.382813  222.914963   0.016613   109.062370   -0.058720   0.000616   123.503891   26.257624   -0.155510   1.028939   0.056546
54     7384.375000  92.081703   0.606973   44.902580   0.564000   0.380225   17.589594   22.726847   0.624665   0.660301   0.454059
55     8327.374023  98.532570   0.599852   47.669083   0.536859   0.387815   21.533558   27.401819   0.605438   0.680493   0.441638
56     8941.444336  102.689163   0.584560   49.397766   0.519854   0.293333   36.715553   26.497684   0.504873   0.692789   0.424971
57     18698.130859  151.221146   0.452645   71.538193   0.303749   0.294896   23.868406   26.846783   0.568862   0.833677   0.313727
58     7569.626953  94.293282   0.623844   45.448803   0.558305   0.433135   19.130606   26.737892   0.634317   0.664502   0.448439
59     7438.730957  91.778900   0.608975   45.098778   0.562348   0.330948   26.972275   22.384953   0.562899   0.661532   0.450590
60     11870.298828  117.215553   0.526834   56.918335   0.447151   0.216378   50.945984   27.045208   0.418991   0.743517   0.365177
61     8554.099609  100.336075   0.596509   48.314758   0.530417   0.422100   14.598969   23.352020   0.657172   0.685143   0.430038
62     9032.439453  103.259735   0.595333   49.649174   0.517393   0.411310   20.291351   28.178707   0.618129   0.694553   0.425519
63     7072.276367  90.687378   0.635727   43.931023   0.573219   0.421141   21.307734   27.807648   0.613388   0.653247   0.463395
64     6480.899414  86.729652   0.639691   42.055176   0.591473   0.447133   15.053448   22.785782   0.667233   0.639133   0.466860
65     8020.036621  95.715828   0.601897   46.805038   0.545623   0.349304   26.479111   27.159946   0.566283   0.674074   0.426175
66     12230.320313  119.944778   0.496734   57.770939   0.438520   0.196400   48.980614   22.181644   0.423806   0.749195   0.332510
67     8020.173340  94.918221   0.610604   46.856392   0.545449   0.325446   32.987679   27.171028   0.527781   0.674140   0.454717
68     11645.286133  118.698059   0.542009   56.421303   0.451079   0.377392   16.259512   23.056463   0.637374   0.740419   0.390885
69     20678.310547  159.863739   0.438367   75.286827   0.267008   0.285870   25.985596   27.772600   0.554705   0.855158   0.310024
70     11958.609375  121.480316   0.494446   57.246914   0.442672   0.212171   43.750618   22.447084   0.455209   0.745710   0.362710
71     11359.418945  114.333130   0.538160   55.687965   0.459227   0.347847   22.647432   27.526356   0.596219   0.735368   0.395973
72     7151.217773  90.837524   0.629396   44.181576   0.570917   0.404482   22.226023   27.299530   0.606294   0.655035   0.457046
73     11101.992188  116.248718   0.556583   55.107788   0.463746   0.386414   19.401344   26.325150   0.620713   0.731728   0.399610
74     6014.110840  83.540222   0.663080   40.512459   0.606462   0.426973   22.168812   26.908455   0.610529   0.627299   0.498617
75     7260.213379  90.721786   0.608266   44.551140   0.567642   0.369264   19.704411   22.671509   0.612368   0.657523   0.455203
76     7913.981445  94.760719   0.606245   46.511208   0.548603   0.363414   24.880346   27.571918   0.576885   0.671847   0.448289
77     6172.712402  84.280190   0.645453   41.050812   0.601365   0.443007   15.594898   22.729954   0.663003   0.631371   0.479951
78     7403.305176  91.866661   0.622727   44.973892   0.563437   0.378470   24.808340   27.763681   0.581184   0.660726   0.461720
79     18945.347656  153.223099   0.457471   72.078178   0.298185   0.303177   26.132120   27.765442   0.565356   0.836711   0.315758
80     10917.905273  113.693741   0.550654   54.588547   0.469323   0.381810   15.431815   23.019039   0.641626   0.728294   0.399408
81     14639.199219  133.768707   0.500177   63.296898   0.383970   0.332714   22.571774   26.879654   0.591127   0.784191   0.352367
82     38665.273438  210.451111   0.052800   102.757645   0.002331   0.003438   123.577347   25.164127   -0.082046   0.998834   0.092421
83     18092.876953  149.513367   0.465096   70.421478   0.314384   0.307885   25.502254   27.919014   0.568230   0.827067   0.330541
84     17024.712891  144.911133   0.475481   68.302422   0.335051   0.318982   23.124645   26.127514   0.585339   0.814543   0.334505
85     9563.538086  103.502502   0.562227   51.179527   0.503572   0.259641   37.997398   22.986420   0.486910   0.704487   0.415544
86     17733.769531  146.991486   0.391157   69.652573   0.322189   0.134954   56.353256   27.946663   0.346391   0.822639   0.274839
87     16417.244141  141.874512   0.480110   67.044067   0.347434   0.327000   19.431549   22.984207   0.606938   0.807050   0.348471
88     10558.883789  113.250443   0.560751   53.736473   0.477128   0.394167   15.258659   23.095234   0.645125   0.722575   0.401771
89     6663.587891  87.927414   0.633680   42.644020   0.585759   0.439026   14.613483   22.677734   0.664320   0.643588   0.459409
90     14491.592773  133.579117   0.505852   63.008354   0.386627   0.351017   19.061069   23.099718   0.620081   0.782353   0.360081
91     11198.526367  113.747589   0.539092   55.286362   0.463041   0.349134   20.752895   26.613659   0.602822   0.732760   0.399103
92     11672.718750  117.246353   0.523041   56.439320   0.451439   0.214914   49.881935   25.205643   0.426063   0.740516   0.348540
93     12556.419922  118.218498   0.505898   58.681755   0.430966   0.186879   55.859871   22.638054   0.394685   0.754179   0.349506
94     16009.869141  137.030334   0.429321   66.096024   0.357680   0.146588   61.221985   26.993210   0.348315   0.801342   0.280900
95     19914.130859  157.184052   0.442901   73.905075   0.280369   0.294862   20.473640   22.971437   0.584961   0.847237   0.309855
96     7476.605469  93.659225   0.612729   45.168373   0.561049   0.417795   14.886097   22.742794   0.654949   0.662443   0.455584
97     14447.355469  132.806152   0.504219   62.875816   0.388094   0.347700   18.042732   23.111908   0.619713   0.781586   0.355525
98     13580.453125  127.402237   0.513304   60.897560   0.407786   0.340917   22.479153   27.528107   0.592776   0.769246   0.368250
99     6924.392578  88.765671   0.636460   43.499001   0.577786   0.418012   21.912552   27.643368   0.612756   0.649774   0.459610
100     9837.145508  106.156273   0.549087   51.830635   0.496777   0.311292   24.399385   25.878326   0.563507   0.709382   0.413222
101     8822.815430  99.588135   0.594074   49.142342   0.523259   0.302814   35.159286   27.839020   0.504984   0.690404   0.443085
102     8598.525391  98.299072   0.588677   48.514931   0.529352   0.314285   30.285252   26.704155   0.532357   0.685975   0.431233
103     8922.934570  99.847427   0.588202   49.447998   0.520423   0.293686   36.187302   26.913403   0.501077   0.692404   0.426512
104     8156.429688  96.753677   0.595517   47.192329   0.541775   0.359871   22.041630   26.140032   0.588788   0.676922   0.442667
105     7233.161621  90.208084   0.615418   44.492516   0.568352   0.348704   23.984215   23.237396   0.577434   0.656946   0.458434
106     16717.851563  140.952393   0.416383   67.555260   0.343177   0.142450   57.214130   27.617184   0.347492   0.810198   0.292280
107     13153.040039  127.144630   0.525067   60.020081   0.415753   0.369322   17.658520   23.098991   0.630251   0.763588   0.369175
108     10447.030273  109.592621   0.540314   53.406342   0.481403   0.307917   25.264511   27.370966   0.556236   0.720133   0.406121
109     14464.110352  132.553085   0.507359   62.893745   0.388024   0.344272   22.373041   27.136597   0.594928   0.781721   0.357775
110     24177.062500  174.060287   0.407227   81.502625   0.206132   0.260214   27.081741   27.539438   0.536789   0.889600   0.283759
111     8860.226563  101.074661   0.583239   49.179214   0.522394   0.276163   39.073971   22.762703   0.497602   0.691082   0.431901
112     7253.533203  93.029312   0.629322   44.503380   0.567242   0.367396   27.844358   27.330631   0.566068   0.657599   0.473169
113     14034.668945  130.029114   0.509087   61.926998   0.397605   0.342232   22.602352   26.699768   0.597632   0.775715   0.368372
114     9486.561523  106.055710   0.584076   50.886124   0.505289   0.402709   19.319954   27.297239   0.621299   0.703166   0.418654
115     6815.068359  88.468513   0.636224   43.136703   0.581144   0.417373   20.745552   26.504013   0.620097   0.647190   0.471427
116     6586.584961  86.594696   0.647999   42.423561   0.588216   0.431308   20.719509   28.086151   0.615187   0.641699   0.471146
117     13136.966797  126.845482   0.522606   59.969093   0.416318   0.364532   17.254358   22.953327   0.629914   0.763287   0.367989
118     8442.384766  100.059723   0.605275   48.004242   0.533303   0.421382   18.731842   26.899239   0.630836   0.682965   0.434574
119     9368.558594  102.491180   0.578990   50.650658   0.508681   0.285233   37.557381   27.745514   0.491343   0.700860   0.422677
120     8380.096680  98.312225   0.604652   47.827797   0.535513   0.314528   34.965881   27.349163   0.516291   0.681524   0.452429
121     8809.174805  102.531120   0.599602   49.044296   0.523082   0.416648   19.891422   27.415112   0.624819   0.690334   0.430363
122     10502.081055  110.683662   0.556929   53.532707   0.479878   0.370681   19.185802   26.787613   0.611870   0.721136   0.404465
123     9143.394531  101.224091   0.580843   50.040810   0.514609   0.282114   38.781258   26.207481   0.492940   0.696615   0.425461
124     7875.286621  94.092812   0.614762   46.428238   0.549587   0.333184   31.132710   27.235140   0.534563   0.671069   0.453110
125     16681.378906  143.034683   0.479322   67.582748   0.342183   0.321891   22.694084   26.361069   0.586239   0.810284   0.336067
126     16441.023438  142.738708   0.480518   67.145607   0.346212   0.327397   19.293962   23.086132   0.606106   0.807574   0.338601
127     9281.707031  105.153511   0.588585   50.339836   0.510515   0.412056   18.100357   26.515549   0.631245   0.699391   0.421433
128     19826.376953  153.310226   0.361293   73.563995   0.284820   0.099492   73.628510   26.921846   0.269943   0.845455   0.241371
129     16964.253906  145.559219   0.479151   68.250557   0.335284   0.330150   20.756174   23.173996   0.604254   0.814110   0.334861
130     7602.555176  94.105148   0.616481   45.547554   0.557486   0.345637   28.593399   26.265903   0.555625   0.665171   0.469435
131     7511.340820  94.461632   0.623925   45.281765   0.559743   0.429676   18.246391   26.441187   0.633927   0.663319   0.455681
132     7724.733887  94.064331   0.614061   45.929947   0.554069   0.416164   19.025013   26.306618   0.630478   0.667781   0.444989
133     24919.667969  172.739410   0.245932   82.497757   0.197676   0.051247   83.137886   22.306017   0.184907   0.895337   0.173185
134     18215.052734  150.733276   0.465970   70.713959   0.311321   0.318926   21.513830   23.279377   0.596075   0.828687   0.325951
135     11166.310547  116.540733   0.556394   55.264748   0.462233   0.383215   20.610813   27.362888   0.612252   0.732772   0.396828
136     18541.843750  150.367233   0.385753   71.225494   0.306862   0.104330   81.516510   22.454046   0.268176   0.831871   0.249898
137     8922.471680  101.629242   0.579597   49.347267   0.520687   0.368079   20.083403   26.223427   0.606038   0.692304   0.430385
138     20899.615234  159.867584   0.335906   75.631920   0.263909   0.089612   77.766464   26.217903   0.250963   0.857199   0.219403
139     9277.401367  101.899544   0.570305   50.412064   0.511035   0.285175   35.703606   26.228188   0.506755   0.699164   0.420176
140     21992.201172  165.370850   0.427313   77.680122   0.243554   0.276516   27.299398   28.358433   0.544367   0.868581   0.296448
141     8352.768555  100.720375   0.604695   47.793865   0.534953   0.313850   35.962208   27.446663   0.512127   0.681451   0.451025
142     10594.578125  110.035950   0.529981   53.794456   0.477761   0.289061   26.097750   26.044044   0.546362   0.722660   0.400347
143     9786.131836  107.138992   0.552828   51.675797   0.497814   0.348110   16.888308   23.080933   0.618635   0.708556   0.411365
144     7403.533203  92.703041   0.617994   44.949059   0.563360   0.354272   26.181490   25.694527   0.569014   0.660758   0.460171
145     9790.003906  106.970200   0.569097   51.685699   0.497785   0.378283   19.468441   26.476563   0.616039   0.708601   0.414806
146     11283.757813  117.211960   0.556634   55.557938   0.459361   0.382751   22.020340   28.301756   0.605407   0.734709   0.394921
147     16736.832031  142.469681   0.408137   67.648605   0.341795   0.151098   49.690067   27.684860   0.376741   0.810739   0.295302
148     19587.908203  153.989441   0.360677   73.177101   0.288048   0.105159   69.850380   26.946926   0.286448   0.843224   0.251935
149     8373.351563  99.239815   0.596545   47.801300   0.535418   0.323783   31.006317   27.071758   0.537033   0.681490   0.443256
150     6930.048340  89.423271   0.634317   43.492962   0.577604   0.420984   19.949814   26.460752   0.623868   0.649910   0.465741
151     10379.102539  107.826492   0.566737   53.317051   0.482839   0.253003   45.437569   27.977551   0.447775   0.719048   0.402155
152     9114.164063  100.966904   0.588712   49.969662   0.515340   0.283302   39.610714   26.764498   0.485280   0.696074   0.431278
153     7840.999023  93.773788   0.613226   46.336815   0.550522   0.329072   31.377239   26.416842   0.534859   0.670355   0.451640
154     9292.683594  103.730331   0.580007   50.360367   0.510842   0.388480   19.169569   26.718746   0.618776   0.699377   0.420969
155     5875.639160  81.986320   0.654104   40.059357   0.611086   0.422045   17.892328   22.637608   0.638538   0.623630   0.487494
156     8763.472656  99.089233   0.596546   48.991005   0.524796   0.299353   37.553730   27.633453   0.498909   0.689265   0.441810
157     9098.089844  104.176460   0.585032   49.841389   0.515339   0.412462   14.225991   22.973190   0.655472   0.695921   0.420919
158     17013.492188  144.464325   0.399262   68.253021   0.335655   0.153366   45.673569   27.608055   0.390254   0.814291   0.289858
159     16245.935547  142.054504   0.482595   66.758675   0.349930   0.328973   19.111666   23.041080   0.607396   0.805221   0.339315
160     9276.412109  104.285385   0.587164   50.311897   0.511077   0.402915   19.626743   27.481388   0.620051   0.699140   0.420948
161     8988.221680  101.837341   0.578934   49.532280   0.518952   0.349551   23.353098   27.524822   0.578951   0.693566   0.428095
162     26821.187500  179.167664   0.352684   85.586014   0.167655   0.059845   140.757202   34.280975   0.098304   0.911942   0.181366
163     8553.603516  101.713547   0.595337   48.354412   0.529567   0.416930   14.758133   22.945066   0.655527   0.685448   0.435559
164     14704.776367  134.191772   0.505803   63.446121   0.382479   0.342270   24.244318   27.865900   0.588692   0.785104   0.357774
165     6916.269531  89.227066   0.637993   43.452553   0.578037   0.383550   26.492657   27.589682   0.577627   0.649582   0.474385
166     5678.797363  81.410095   0.659942   39.364868   0.617525   0.434423   16.902708   22.531483   0.648257   0.618392   0.510584
167     6680.358398  88.247963   0.644034   42.695580   0.585181   0.442641   19.068939   26.476036   0.636157   0.644015   0.472866
168     8640.033203  98.592262   0.598489   48.627281   0.528238   0.308386   35.163345   27.946043   0.508963   0.686794   0.439872
169     7717.436523  95.774521   0.611709   45.899406   0.553729   0.428664   14.570175   22.761435   0.661571   0.667829   0.449303
170     9814.957031  107.142517   0.573940   51.751503   0.497133   0.389128   20.364092   27.142750   0.616864   0.709056   0.418633
171     12338.888672  120.772346   0.492114   58.030632   0.435893   0.196222   47.412697   22.239113   0.427517   0.750899   0.343359
172     20988.367188  161.809982   0.435225   75.907219   0.260742   0.289987   21.340759   23.056095   0.579028   0.858576   0.302665
173     12888.791016  124.204559   0.521118   59.329494   0.423005   0.346510   20.449255   26.797562   0.600608   0.759278   0.372996
174     6922.795410  88.505150   0.625900   43.508904   0.577790   0.352124   25.778372   22.880987   0.575678   0.649754   0.472440
175     9550.726563  107.328529   0.577654   51.088219   0.503019   0.406284   15.204021   23.277088   0.650245   0.704565   0.412840
176     13971.226563  125.062050   0.501378   61.862755   0.399964   0.172297   65.970924   26.699757   0.350591   0.774515   0.343237
177     8296.311523  99.069138   0.596039   47.584755   0.537423   0.411302   15.581078   22.572178   0.655962   0.679968   0.439141
178     7380.406250  93.601341   0.619521   44.884583   0.563616   0.357426   27.036240   25.850697   0.570437   0.660402   0.473969
179     8602.990234  98.336044   0.572357   48.526573   0.529234   0.307555   26.363159   23.016365   0.556041   0.686063   0.426265
180     15460.792969  138.393219   0.494090   65.111328   0.366027   0.340362   19.453262   23.358372   0.611770   0.795250   0.350343
181     22865.958984  168.610764   0.416859   79.207184   0.228687   0.268566   25.244486   26.664545   0.548419   0.877079   0.288556
182     11327.924805  116.865707   0.553822   55.637783   0.458768   0.381137   20.598015   27.575781   0.610356   0.735269   0.394147
183     15747.462891  138.705856   0.489353   65.647095   0.361107   0.326031   23.694731   27.634697   0.582360   0.798620   0.342340
184     9133.931641  101.854424   0.572557   49.964638   0.515066   0.315171   28.574734   27.374767   0.542661   0.696361   0.426129
185     6556.233398  86.301758   0.641888   42.330772   0.589154   0.414604   20.538616   26.433846   0.615455   0.640963   0.471259
186     7850.291504  94.132446   0.612111   46.339893   0.550366   0.344951   28.187775   27.511059   0.550468   0.670513   0.448971
187     11125.644531  112.794998   0.550255   55.124725   0.464833   0.229553   51.821560   27.038036   0.423896   0.731551   0.383083
188     11190.466797  116.356995   0.550139   55.308533   0.461906   0.385877   15.667984   23.022575   0.641913   0.733082   0.392874
189     7636.182617  93.597626   0.614481   45.663174   0.556630   0.372113   23.288689   27.146935   0.583350   0.665859   0.453596
190     9260.745117  105.008354   0.587291   50.282227   0.511084   0.405938   18.626831   26.769728   0.626600   0.698990   0.424065
191     10208.878906  109.605133   0.560736   52.781422   0.487007   0.388065   14.977059   22.860222   0.646569   0.716113   0.406423
192     12295.788086  122.152763   0.533168   57.984985   0.435807   0.371292   16.486073   23.091772   0.633562   0.750599   0.380056
193     13465.359375  123.183464   0.495716   60.697990   0.411091   0.188265   55.233715   27.970055   0.385389   0.767354   0.347941
194     39674.410156  213.967499   0.050430   104.065216   -0.010665   0.003458   119.250092   27.091587   -0.081366   1.005303   0.076837
195     6272.896973  84.636986   0.644153   41.394718   0.598151   0.391000   21.959541   23.070454   0.609128   0.633914   0.494427
196     8856.990234  100.393791   0.582238   49.196075   0.522487   0.327224   27.859610   27.850262   0.548298   0.691017   0.430013
197     20572.640625  158.026672   0.315504   75.004791   0.270198   0.097402   51.268059   22.851952   0.323731   0.853678   0.217576
198     7106.204102  89.907181   0.628402   44.067242   0.572277   0.416486   19.534658   26.731394   0.622195   0.653999   0.461048
199     6156.002930  84.394150   0.645546   40.989655   0.601873   0.419601   17.216255   22.835697   0.640394   0.630956   0.483867
200     8308.063477  98.744843   0.591360   47.613800   0.537278   0.300885   33.131653   23.030510   0.529174   0.680141   0.445402
----------------------------------------------------------------------

        goal_mmse    goal_smse    goal_r2    goal_chi2    goal_ns    goal_br2    goal_ssqr    goal_pbias    goal_kge    goal_rsr    goal_mns
avg     1.#J     1.#J      1.#INF00    1.#INF00   1.#INF00   1.#INF00   1.#J     1.#INF00     1.#INF00   1.#INF00   1.#INF00


1/avg     0.000000    0.000000     0.000000   0.000000   0.000000   0.000000    0.000000     0.000000     0.000000   0.000000   0.000000
